    unsorted:	 3968.723581 3928.421974 4004.345333 4045.330967 3872.336051 3856.422165 4108.885844 4156.964645 4176.022354 3741.608821 4302.963483 4473.668445 4611.747817 3442.138752 4747.563060 5201.099239 5277.846412 2856.165021 2671.162361 6326.459822 6173.161112 6598.676819 6708.245024 6737.153350 2387.778826 7329.987515 7443.445508 7752.157995 8221.623620 8321.032205 1719.448316 1504.768611 1262.077941 1290.137628 1139.818049 9467.108279 9763.699526 9879.662687 10288.82149 10845.74736 11052.92736 631.6693119 11660.51702 144.3774121 12388.57660 12861.14318 13540.02229 15930.31522 16393.69217 16589.22059 17146.97106 19359.61453 19656.08801 21363.74001 24376.11860 24475.61457 29543.52879 29840.13894 33427.93442 35090.49290 36760.31486 39075.13111 42173.37799 46179.98358 52401.70721 53318.73873 56930.41194 70452.87230 75943.93583 84915.04818 95055.65699 165903.9160 252118.2265 251956.4667 237639.9444 358995.4512 671837.3846 2692908.224
      sorted:	 144.3774121 631.6693119 1139.818049 1262.077941 1290.137628 1504.768611 1719.448316 2387.778826 2671.162361 2856.165021 3442.138752 3741.608821 3856.422165 3872.336051 3928.421974 3968.723581 4004.345333 4045.330967 4108.885844 4156.964645 4176.022354 4302.963483 4473.668445 4611.747817 4747.563060 5201.099239 5277.846412 6173.161112 6326.459822 6598.676819 6708.245024 6737.153350 7329.987515 7443.445508 7752.157995 8221.623620 8321.032205 9467.108279 9763.699526 9879.662687 10288.82149 10845.74736 11052.92736 11660.51702 12388.57660 12861.14318 13540.02229 15930.31522 16393.69217 16589.22059 17146.97106 19359.61453 19656.08801 21363.74001 24376.11860 24475.61457 29543.52879 29840.13894 33427.93442 35090.49290 36760.31486 39075.13111 42173.37799 46179.98358 52401.70721 53318.73873 56930.41194 70452.87230 75943.93583 84915.04818 95055.65699 165903.9160 237639.9444 251956.4667 252118.2265 358995.4512 671837.3846 2692908.224
