    unsorted:	 3789.119458 3760.115995 3728.921966 3721.169933 3849.127394 3870.185641 3953.987524 3963.644618 4010.934185 4056.071493 3566.856602 4254.844723 4434.477499 4667.400176 3059.636452 4945.802622 5298.181927 6325.499580 6428.334196 6187.698048 6567.058606 6617.420700 2655.494878 7275.787928 7182.308959 7361.535565 7937.340199 2165.156600 8218.162232 1515.759469 1381.658530 1209.068247 1204.288961 883.5188104 8700.630273 9051.292112 651.0402653 9557.512827 10069.78311 10487.99039 167.4216393 10933.67600 11604.90432 11839.42977 12136.54786 12864.07042 15767.74827 16083.17285 16996.93244 17862.92326 19033.31839 19917.61242 21176.57728 23634.87595 29198.58279 28432.91599 33269.99637 34565.99387 37826.91389 38968.27729 45173.92931 47365.72379 52179.50048 55022.54782 58349.71797 74430.35503 81854.92456 94051.61262 96231.87181 151153.4605 164991.2186 239544.1853 264139.4176 401835.7542 699721.9623 3232737.104
      sorted:	 167.4216393 651.0402653 883.5188104 1204.288961 1209.068247 1381.658530 1515.759469 2165.156600 2655.494878 3059.636452 3566.856602 3721.169933 3728.921966 3760.115995 3789.119458 3849.127394 3870.185641 3953.987524 3963.644618 4010.934185 4056.071493 4254.844723 4434.477499 4667.400176 4945.802622 5298.181927 6187.698048 6325.499580 6428.334196 6567.058606 6617.420700 7182.308959 7275.787928 7361.535565 7937.340199 8218.162232 8700.630273 9051.292112 9557.512827 10069.78311 10487.99039 10933.67600 11604.90432 11839.42977 12136.54786 12864.07042 15767.74827 16083.17285 16996.93244 17862.92326 19033.31839 19917.61242 21176.57728 23634.87595 28432.91599 29198.58279 33269.99637 34565.99387 37826.91389 38968.27729 45173.92931 47365.72379 52179.50048 55022.54782 58349.71797 74430.35503 81854.92456 94051.61262 96231.87181 151153.4605 164991.2186 239544.1853 264139.4176 401835.7542 699721.9623 3232737.104
