    unsorted:	 3998.888041 4007.287066 4047.071337 3928.783188 4111.161950 4159.321056 4178.365869 3874.327814 3858.298931 4304.308402 3756.128341 4493.275565 4634.705260 4801.221593 3439.762305 5211.445694 5288.437123 2852.384840 2692.301740 6336.268900 6174.989283 6775.006338 6763.767041 6616.422551 2392.715974 7367.017424 7471.239410 7804.085484 8252.913315 8362.821048 1734.261713 1507.822476 1345.061550 1268.473775 1139.982400 9557.354038 9831.395398 9996.493520 10393.23017 10882.19789 11178.97854 632.1852904 11711.42097 144.2723232 12454.75341 12934.49732 13709.13608 16068.69248 16777.40754 16700.87258 17294.34355 19529.63795 19899.53784 21584.98020 24813.26197 25141.14954 29685.94410 30326.61240 33847.40610 35481.60432 37245.74261 39377.42776 42751.00891 46734.34068 53686.24529 52995.42588 57852.11498 71497.61988 76672.86130 85855.18859 97656.44037 167443.5669 252111.8639 253181.2029 239129.6835 358574.9437 693240.8266 2695676.480
      sorted:	 144.2723232 632.1852904 1139.982400 1268.473775 1345.061550 1507.822476 1734.261713 2392.715974 2692.301740 2852.384840 3439.762305 3756.128341 3858.298931 3874.327814 3928.783188 3998.888041 4007.287066 4047.071337 4111.161950 4159.321056 4178.365869 4304.308402 4493.275565 4634.705260 4801.221593 5211.445694 5288.437123 6174.989283 6336.268900 6616.422551 6763.767041 6775.006338 7367.017424 7471.239410 7804.085484 8252.913315 8362.821048 9557.354038 9831.395398 9996.493520 10393.23017 10882.19789 11178.97854 11711.42097 12454.75341 12934.49732 13709.13608 16068.69248 16700.87258 16777.40754 17294.34355 19529.63795 19899.53784 21584.98020 24813.26197 25141.14954 29685.94410 30326.61240 33847.40610 35481.60432 37245.74261 39377.42776 42751.00891 46734.34068 52995.42588 53686.24529 57852.11498 71497.61988 76672.86130 85855.18859 97656.44037 167443.5669 239129.6835 252111.8639 253181.2029 358574.9437 693240.8266 2695676.480
