    unsorted:	 3856.281743 3823.274573 3794.706251 3750.429073 3937.168147 3971.215799 4035.019547 4075.478760 4096.602603 4242.869251 4301.500314 4469.080388 3464.118412 4584.651500 4605.746573 3216.413778 5039.949406 2969.261077 5222.377174 2853.898325 5771.083549 6124.521983 6361.932870 6626.517797 7118.348979 7371.021394 7558.585519 8013.205922 8277.891983 8322.569116 1938.200813 1677.932732 1508.655145 1429.257259 8921.015407 1152.281509 9465.055877 10289.35311 10486.51526 10713.16760 11027.82426 11376.07153 11925.23369 11991.76820 486.1126644 132.2211703 12870.00142 15036.84847 16779.70004 17046.02386 18054.64298 18702.88319 21983.59739 22659.73843 23478.47160 27016.03160 27211.19420 32742.31263 35281.50096 38461.87321 39683.28994 41290.03518 43624.89859 48202.48039 53245.77071 59661.89346 65033.15272 71194.93614 81925.87174 90192.73971 117868.4089 127700.8721 212622.9831 252116.1746 249661.3743 283819.7353 809936.2191 2685366.122
      sorted:	 132.2211703 486.1126644 1152.281509 1429.257259 1508.655145 1677.932732 1938.200813 2853.898325 2969.261077 3216.413778 3464.118412 3750.429073 3794.706251 3823.274573 3856.281743 3937.168147 3971.215799 4035.019547 4075.478760 4096.602603 4242.869251 4301.500314 4469.080388 4584.651500 4605.746573 5039.949406 5222.377174 5771.083549 6124.521983 6361.932870 6626.517797 7118.348979 7371.021394 7558.585519 8013.205922 8277.891983 8322.569116 8921.015407 9465.055877 10289.35311 10486.51526 10713.16760 11027.82426 11376.07153 11925.23369 11991.76820 12870.00142 15036.84847 16779.70004 17046.02386 18054.64298 18702.88319 21983.59739 22659.73843 23478.47160 27016.03160 27211.19420 32742.31263 35281.50096 38461.87321 39683.28994 41290.03518 43624.89859 48202.48039 53245.77071 59661.89346 65033.15272 71194.93614 81925.87174 90192.73971 117868.4089 127700.8721 212622.9831 249661.3743 252116.1746 283819.7353 809936.2191 2685366.122
