    unsorted:	 3952.496966 3970.475730 3911.893742 3867.535816 3999.998215 3822.622283 3794.538133 3725.044770 3700.552680 3666.310614 3597.535383 4150.134204 4168.948463 3507.523079 4266.656502 4507.858205 3173.016970 3159.381081 4632.877590 4866.618968 4965.652842 2879.963397 2762.694954 2628.631344 2564.159029 5394.776180 5512.902644 5529.306467 5644.559988 2203.721102 1994.968100 6153.121812 6591.175880 6664.720364 6843.921661 1066.178336 905.9893190 636.2492544 720.5173549 581.1917786 533.1577452 7550.621309 137.4415754 8158.374870 8380.089215 9111.354061 9392.696704 10825.90027 11863.29852 12586.43234 13039.51911 13716.35476 15103.06171 16701.87642 17891.16630 21470.97652 24437.99569 25230.06350 27507.58152 29392.72886 32306.15531 33988.74064 37782.34535 44377.66297 50810.97141 59526.11859 64053.06716 71552.05124 78692.64187 98029.44898 141421.8924 232089.9616 264139.5910 355968.6879 636723.3626 2623910.074
      sorted:	 137.4415754 533.1577452 581.1917786 636.2492544 720.5173549 905.9893190 1066.178336 1994.968100 2203.721102 2564.159029 2628.631344 2762.694954 2879.963397 3159.381081 3173.016970 3507.523079 3597.535383 3666.310614 3700.552680 3725.044770 3794.538133 3822.622283 3867.535816 3911.893742 3952.496966 3970.475730 3999.998215 4150.134204 4168.948463 4266.656502 4507.858205 4632.877590 4866.618968 4965.652842 5394.776180 5512.902644 5529.306467 5644.559988 6153.121812 6591.175880 6664.720364 6843.921661 7550.621309 8158.374870 8380.089215 9111.354061 9392.696704 10825.90027 11863.29852 12586.43234 13039.51911 13716.35476 15103.06171 16701.87642 17891.16630 21470.97652 24437.99569 25230.06350 27507.58152 29392.72886 32306.15531 33988.74064 37782.34535 44377.66297 50810.97141 59526.11859 64053.06716 71552.05124 78692.64187 98029.44898 141421.8924 232089.9616 264139.5910 355968.6879 636723.3626 2623910.074
