    unsorted:	 3943.212027 3930.063988 3977.043548 3886.166938 4091.211714 4062.119206 4168.316079 4208.608393 4229.791850 3806.926256 3722.083130 4429.207282 4491.614517 3494.514779 4980.885724 5099.594369 5193.545998 5460.592288 2906.225343 2852.377256 2681.279032 2551.596445 6156.126672 6228.180560 6482.150660 6573.552321 6705.112871 7440.000935 7492.251933 7322.604032 7953.155604 1849.905898 1480.948297 1400.085520 1338.671628 1256.609790 8369.132622 9131.948621 9459.076702 9750.934515 772.5825249 10236.19768 10450.20493 10625.20533 10930.65345 11389.93594 169.8881771 11791.37584 12276.26968 13057.26890 15181.47046 15497.69980 16079.92110 16998.34079 18867.88819 20551.98137 22148.15084 23667.43038 28756.43389 28397.63887 32500.52844 33118.73058 34114.14788 35962.38878 39013.00032 40081.24768 43847.54829 46323.42399 50748.37171 60547.53846 65647.19761 69166.57852 73712.43717 86467.12130 100251.0660 168474.8499 231114.2863 245991.8456 262327.3952 429844.3147 714974.7793 2728690.905
      sorted:	 169.8881771 772.5825249 1256.609790 1338.671628 1400.085520 1480.948297 1849.905898 2551.596445 2681.279032 2852.377256 2906.225343 3494.514779 3722.083130 3806.926256 3886.166938 3930.063988 3943.212027 3977.043548 4062.119206 4091.211714 4168.316079 4208.608393 4229.791850 4429.207282 4491.614517 4980.885724 5099.594369 5193.545998 5460.592288 6156.126672 6228.180560 6482.150660 6573.552321 6705.112871 7322.604032 7440.000935 7492.251933 7953.155604 8369.132622 9131.948621 9459.076702 9750.934515 10236.19768 10450.20493 10625.20533 10930.65345 11389.93594 11791.37584 12276.26968 13057.26890 15181.47046 15497.69980 16079.92110 16998.34079 18867.88819 20551.98137 22148.15084 23667.43038 28397.63887 28756.43389 32500.52844 33118.73058 34114.14788 35962.38878 39013.00032 40081.24768 43847.54829 46323.42399 50748.37171 60547.53846 65647.19761 69166.57852 73712.43717 86467.12130 100251.0660 168474.8499 231114.2863 245991.8456 262327.3952 429844.3147 714974.7793 2728690.905
