    unsorted:	 3987.869118 3995.480631 4019.046708 3932.686140 3938.528888 4141.161969 4120.897270 4228.475282 4265.819961 4290.098027 3802.945171 4479.332561 4566.852761 3501.125746 5147.342817 5255.942250 5498.931746 2889.385278 2886.302883 2926.839806 2763.302022 5666.135435 6254.770978 6374.395192 6639.413680 6777.577939 6962.258854 7664.711911 7724.678408 7548.303976 8162.812147 1881.639496 1558.252713 1482.190551 1418.788313 1314.216601 8647.906265 9409.218543 10016.45514 10159.19548 835.3859666 10706.97104 10825.43443 11486.23696 11319.03047 183.3983230 12268.38348 12779.77378 13007.98199 13554.13378 15717.30320 16527.34706 16727.56124 17990.25546 19607.14062 21267.04124 23320.80176 24754.39417 30036.66066 31167.14732 34258.27914 35866.59493 37335.34637 37673.32683 42430.38303 42007.46171 46370.36421 51869.75224 53117.05234 66659.30676 72769.39311 74068.44430 80204.30593 92929.98500 106947.9892 177257.8058 231103.5954 259638.5030 266172.5676 523344.8337 765178.9415 2737340.393
      sorted:	 183.3983230 835.3859666 1314.216601 1418.788313 1482.190551 1558.252713 1881.639496 2763.302022 2886.302883 2889.385278 2926.839806 3501.125746 3802.945171 3932.686140 3938.528888 3987.869118 3995.480631 4019.046708 4120.897270 4141.161969 4228.475282 4265.819961 4290.098027 4479.332561 4566.852761 5147.342817 5255.942250 5498.931746 5666.135435 6254.770978 6374.395192 6639.413680 6777.577939 6962.258854 7548.303976 7664.711911 7724.678408 8162.812147 8647.906265 9409.218543 10016.45514 10159.19548 10706.97104 10825.43443 11319.03047 11486.23696 12268.38348 12779.77378 13007.98199 13554.13378 15717.30320 16527.34706 16727.56124 17990.25546 19607.14062 21267.04124 23320.80176 24754.39417 30036.66066 31167.14732 34258.27914 35866.59493 37335.34637 37673.32683 42007.46171 42430.38303 46370.36421 51869.75224 53117.05234 66659.30676 72769.39311 74068.44430 80204.30593 92929.98500 106947.9892 177257.8058 231103.5954 259638.5030 266172.5676 523344.8337 765178.9415 2737340.393
