    unsorted:	 18481.62409 18529.47975 18297.32692 18787.73757 17887.31447 17711.77934 17256.35700 17142.36988 16951.82852 19149.79876 19495.90386 16447.79665 19642.31524 15570.98336 15561.51790 15060.73001 14918.93499 14647.68845 14543.65185 20132.69574 13987.76231 20504.41948 12994.44077 21389.49153 21869.91163 22143.03773 12479.32418 23027.62031 11092.94249 23970.31130 24185.44122 6424.168285 6380.264846 6365.140081 6451.707181 6233.152060 6605.164678 6089.958936 5977.557606 6977.285323 5795.166421 5540.082944 9247.108166 25222.94608 26444.06430 3104.365343 1566.698955 2425.742117 1972.887957 1491.464831 1446.250163 1033.177002 942.0857048 802.9750713 27407.38179 196.7081881 29862.69490 30919.39247 34134.19224 36827.56348 37356.75962 38009.77415 39219.66426 41467.26116 45670.51607 49033.33039 54180.88165 56294.26255 60926.39280 64694.80630 70531.42753 79356.31816 84888.39996 91221.00103 114288.7843 230864.8301 209089.4792 237445.7507 749310.4718 2798001.935 2727023.039
      sorted:	 196.7081881 802.9750713 942.0857048 1033.177002 1446.250163 1491.464831 1566.698955 1972.887957 2425.742117 3104.365343 5540.082944 5795.166421 5977.557606 6089.958936 6233.152060 6365.140081 6380.264846 6424.168285 6451.707181 6605.164678 6977.285323 9247.108166 11092.94249 12479.32418 12994.44077 13987.76231 14543.65185 14647.68845 14918.93499 15060.73001 15561.51790 15570.98336 16447.79665 16951.82852 17142.36988 17256.35700 17711.77934 17887.31447 18297.32692 18481.62409 18529.47975 18787.73757 19149.79876 19495.90386 19642.31524 20132.69574 20504.41948 21389.49153 21869.91163 22143.03773 23027.62031 23970.31130 24185.44122 25222.94608 26444.06430 27407.38179 29862.69490 30919.39247 34134.19224 36827.56348 37356.75962 38009.77415 39219.66426 41467.26116 45670.51607 49033.33039 54180.88165 56294.26255 60926.39280 64694.80630 70531.42753 79356.31816 84888.39996 91221.00103 114288.7843 209089.4792 230864.8301 237445.7507 749310.4718 2727023.039 2798001.935
