    unsorted:	 3952.494748 3970.473743 3911.891803 3867.533544 3999.996563 3822.619954 3794.535990 3725.041658 3700.550679 3666.311953 3597.534096 4150.135489 4168.950146 3507.521234 4266.655173 4507.859266 3173.016796 3159.379476 4632.875965 4866.621435 4965.652684 2879.962926 2762.692916 2628.632799 2564.159179 5394.776395 5512.905030 5529.308174 5644.559216 2203.720551 1994.967224 6153.120475 6591.177095 6664.721259 6843.920752 1066.178244 905.9890757 636.2493110 720.5171461 581.1921827 533.1587230 7550.618495 137.4416762 8158.376198 8380.086539 9111.353465 9392.698999 10825.90160 11863.30521 12586.43487 13039.51967 13716.35681 15103.06192 16701.87719 17891.16775 21470.97840 24437.99755 25230.05969 27507.57662 29392.72478 32306.14582 33988.73966 37782.34430 44377.65897 50810.95245 59526.11930 64053.07384 71552.02367 78692.62785 98029.43671 141421.8843 232089.6536 264139.5910 355968.5007 636723.1898 2623909.540
      sorted:	 137.4416762 533.1587230 581.1921827 636.2493110 720.5171461 905.9890757 1066.178244 1994.967224 2203.720551 2564.159179 2628.632799 2762.692916 2879.962926 3159.379476 3173.016796 3507.521234 3597.534096 3666.311953 3700.550679 3725.041658 3794.535990 3822.619954 3867.533544 3911.891803 3952.494748 3970.473743 3999.996563 4150.135489 4168.950146 4266.655173 4507.859266 4632.875965 4866.621435 4965.652684 5394.776395 5512.905030 5529.308174 5644.559216 6153.120475 6591.177095 6664.721259 6843.920752 7550.618495 8158.376198 8380.086539 9111.353465 9392.698999 10825.90160 11863.30521 12586.43487 13039.51967 13716.35681 15103.06192 16701.87719 17891.16775 21470.97840 24437.99755 25230.05969 27507.57662 29392.72478 32306.14582 33988.73966 37782.34430 44377.65897 50810.95245 59526.11930 64053.07384 71552.02367 78692.62785 98029.43671 141421.8843 232089.6536 264139.5910 355968.5007 636723.1898 2623909.540
