    unsorted:	 4043.856186 4034.813041 3824.509055 3877.546848 3854.804365 3813.831095 3927.143550 3984.159520 4088.718324 4137.653629 4151.318774 4306.486707 3502.885108 4568.744236 4673.011871 3241.562238 2930.724060 2744.616784 5221.325971 2475.144719 2420.292070 5515.571035 2229.713304 6314.499326 6212.235795 6425.130647 6685.670341 6820.212300 6943.683799 1766.798100 1529.635222 1379.163038 1309.717339 7459.638482 7559.697105 7837.631974 1138.442221 8309.509332 8402.294008 634.6493334 9549.110944 9869.197672 10199.02845 10463.17713 10917.49716 11128.72200 143.8656478 11750.30881 12475.44355 13036.50386 13631.36290 16095.58877 16667.77712 17143.70915 19289.07929 19669.97530 21490.07488 24449.09592 25571.91041 28342.87340 29917.18830 30169.78673 33973.68280 35466.61470 36908.51097 40096.30923 42545.59454 47011.26659 52995.59984 54331.62138 60222.92726 70522.17325 76413.05800 85816.33967 96880.33916 172972.3327 231098.4505 243336.9747 256343.5242 364623.1694 679510.4333 2715717.958
      sorted:	 143.8656478 634.6493334 1138.442221 1309.717339 1379.163038 1529.635222 1766.798100 2229.713304 2420.292070 2475.144719 2744.616784 2930.724060 3241.562238 3502.885108 3813.831095 3824.509055 3854.804365 3877.546848 3927.143550 3984.159520 4034.813041 4043.856186 4088.718324 4137.653629 4151.318774 4306.486707 4568.744236 4673.011871 5221.325971 5515.571035 6212.235795 6314.499326 6425.130647 6685.670341 6820.212300 6943.683799 7459.638482 7559.697105 7837.631974 8309.509332 8402.294008 9549.110944 9869.197672 10199.02845 10463.17713 10917.49716 11128.72200 11750.30881 12475.44355 13036.50386 13631.36290 16095.58877 16667.77712 17143.70915 19289.07929 19669.97530 21490.07488 24449.09592 25571.91041 28342.87340 29917.18830 30169.78673 33973.68280 35466.61470 36908.51097 40096.30923 42545.59454 47011.26659 52995.59984 54331.62138 60222.92726 70522.17325 76413.05800 85816.33967 96880.33916 172972.3327 231098.4505 243336.9747 256343.5242 364623.1694 679510.4333 2715717.958
