    unsorted:	 413.0709576 415.1084543 410.2768560 417.3028718 406.4273121 400.0941331 396.1088406 388.3744104 387.0128651 384.0349275 377.8443690 365.6836532 459.6728263 465.1465966 472.5277608 338.3084487 311.6281155 519.7953382 532.7976450 593.2745403 273.2338866 651.7203063 663.8396625 682.2216015 727.1208444 764.8835305 782.0704826 812.2434750 835.7785219 182.1798261 114.3565103 132.5324417 99.89724304 96.46284357 74.27119246 48.28027976 944.7533500 960.6970769 1008.080099 1069.848433 1104.149642 6.057321429 1166.784197 1194.719584 1277.450517 1322.768967 1597.367469 1571.246374 1616.720725 1679.308846 1856.683015 1911.512083 2100.493232 2321.216694 2455.922415 2851.803830 2951.473568 3147.327883 3264.117454 3472.680626 3528.199668 4228.182733 4623.920774 4766.567940 4925.748368 5368.521663 5482.314090 6769.893805 7641.961305 9678.702845 12182.82484 15032.71878 26741.82413 33345.93365 52617.96731 148222.6199
      sorted:	 6.057321429 48.28027976 74.27119246 96.46284357 99.89724304 114.3565103 132.5324417 182.1798261 273.2338866 311.6281155 338.3084487 365.6836532 377.8443690 384.0349275 387.0128651 388.3744104 396.1088406 400.0941331 406.4273121 410.2768560 413.0709576 415.1084543 417.3028718 459.6728263 465.1465966 472.5277608 519.7953382 532.7976450 593.2745403 651.7203063 663.8396625 682.2216015 727.1208444 764.8835305 782.0704826 812.2434750 835.7785219 944.7533500 960.6970769 1008.080099 1069.848433 1104.149642 1166.784197 1194.719584 1277.450517 1322.768967 1571.246374 1597.367469 1616.720725 1679.308846 1856.683015 1911.512083 2100.493232 2321.216694 2455.922415 2851.803830 2951.473568 3147.327883 3264.117454 3472.680626 3528.199668 4228.182733 4623.920774 4766.567940 4925.748368 5368.521663 5482.314090 6769.893805 7641.961305 9678.702845 12182.82484 15032.71878 26741.82413 33345.93365 52617.96731 148222.6199
