    unsorted:	 4101.372023 4198.516113 4172.911039 4251.919205 4258.978393 4066.824959 4302.140809 3950.956354 3932.889846 3866.386695 3823.029726 4594.279594 4675.634418 3584.924691 4828.571082 3517.847316 3422.639981 5051.138796 5025.255741 5178.672639 3274.012454 5335.359807 3043.350868 5659.930918 5786.398627 5975.107899 2837.186725 2709.570301 6207.117958 6389.835669 6448.733753 2551.224668 6727.468714 7524.024482 7873.907729 8103.078704 8352.961217 1446.346381 1339.107964 1220.283982 795.5837242 834.5333420 747.1309592 8891.036888 9034.662747 9696.766533 178.0927512 10538.02937 11684.77099 11812.92914 12378.01116 13084.00307 14313.17677 15115.68045 16115.35881 16711.74141 19231.12668 19822.40353 23844.86323 25512.49547 26101.57427 28259.95992 30865.89356 31608.17705 32727.00407 35864.45713 39410.79390 45789.27574 48944.71024 55110.33423 63738.81045 67552.25314 73990.58960 84802.86021 93136.69413 130274.9629 181958.7793 231128.9595 271088.3575 513971.0099 742583.7722 2752578.674
      sorted:	 178.0927512 747.1309592 795.5837242 834.5333420 1220.283982 1339.107964 1446.346381 2551.224668 2709.570301 2837.186725 3043.350868 3274.012454 3422.639981 3517.847316 3584.924691 3823.029726 3866.386695 3932.889846 3950.956354 4066.824959 4101.372023 4172.911039 4198.516113 4251.919205 4258.978393 4302.140809 4594.279594 4675.634418 4828.571082 5025.255741 5051.138796 5178.672639 5335.359807 5659.930918 5786.398627 5975.107899 6207.117958 6389.835669 6448.733753 6727.468714 7524.024482 7873.907729 8103.078704 8352.961217 8891.036888 9034.662747 9696.766533 10538.02937 11684.77099 11812.92914 12378.01116 13084.00307 14313.17677 15115.68045 16115.35881 16711.74141 19231.12668 19822.40353 23844.86323 25512.49547 26101.57427 28259.95992 30865.89356 31608.17705 32727.00407 35864.45713 39410.79390 45789.27574 48944.71024 55110.33423 63738.81045 67552.25314 73990.58960 84802.86021 93136.69413 130274.9629 181958.7793 231128.9595 271088.3575 513971.0099 742583.7722 2752578.674
