    unsorted:	 3825.937112 3828.764609 3764.791289 3720.710645 3706.452824 3876.849844 3927.643185 3956.192435 4001.963543 4031.754680 3663.667226 3595.463336 4172.600593 4446.353589 3265.448046 4544.351518 2671.936621 2695.261210 2598.006103 5052.533417 5223.874080 2268.452828 5840.198645 6219.053666 6576.873750 6637.592284 6784.052961 1565.994982 1236.515283 1160.271774 1144.515058 1005.100361 1013.659631 7233.041928 7735.951294 7863.911611 8083.070414 8352.602937 611.8836361 8801.779657 148.8301002 9599.574644 10026.26144 10522.82777 10909.51598 11148.56906 12415.87629 13096.05566 13621.66056 14033.78835 15304.29577 16750.28242 17284.03579 19748.32944 22662.66524 23778.82505 24539.84793 29935.49524 31679.44251 35711.20917 37311.06664 37869.63047 40074.38175 48402.07009 54227.20683 65288.82877 70827.96627 74703.27097 125215.2410 179347.7671 203399.2640 270566.3123 253665.0730 510098.6126 2525586.633
      sorted:	 148.8301002 611.8836361 1005.100361 1013.659631 1144.515058 1160.271774 1236.515283 1565.994982 2268.452828 2598.006103 2671.936621 2695.261210 3265.448046 3595.463336 3663.667226 3706.452824 3720.710645 3764.791289 3825.937112 3828.764609 3876.849844 3927.643185 3956.192435 4001.963543 4031.754680 4172.600593 4446.353589 4544.351518 5052.533417 5223.874080 5840.198645 6219.053666 6576.873750 6637.592284 6784.052961 7233.041928 7735.951294 7863.911611 8083.070414 8352.602937 8801.779657 9599.574644 10026.26144 10522.82777 10909.51598 11148.56906 12415.87629 13096.05566 13621.66056 14033.78835 15304.29577 16750.28242 17284.03579 19748.32944 22662.66524 23778.82505 24539.84793 29935.49524 31679.44251 35711.20917 37311.06664 37869.63047 40074.38175 48402.07009 54227.20683 65288.82877 70827.96627 74703.27097 125215.2410 179347.7671 203399.2640 253665.0730 270566.3123 510098.6126 2525586.633
