    unsorted:	 3982.664724 4020.322766 4038.619742 3963.983953 4084.856062 3891.587274 3885.529665 4138.938590 4189.516475 4203.936858 3778.182659 4335.518896 4535.416528 3519.097218 4693.852868 5156.088486 5299.613137 5487.192653 2939.196580 2855.500370 2686.221138 2552.001561 6250.063082 6381.064875 6646.797934 6806.552984 6999.210897 7658.885736 7474.018637 7813.080981 8258.694916 8362.972074 1862.702889 1530.272565 1376.292238 1303.906351 1142.649912 9453.195714 9524.638317 9790.064438 10124.92506 10706.52181 10932.18385 11197.12346 11539.18214 637.3770290 11877.19215 12495.41160 143.9221152 13541.14615 15106.83713 16117.24948 16610.41069 17133.70952 19611.19937 20159.05741 21596.00493 24295.58149 28752.97668 29831.06313 31609.65518 33522.58069 35654.83482 35773.93052 37418.78602 40074.26987 42436.78685 48004.10271 53524.04469 55651.68633 64282.76416 70864.80814 76615.10287 88604.47113 100621.9515 175934.4822 231111.8407 249018.5540 263298.9687 380381.5571 712637.3673 2725764.297
      sorted:	 143.9221152 637.3770290 1142.649912 1303.906351 1376.292238 1530.272565 1862.702889 2552.001561 2686.221138 2855.500370 2939.196580 3519.097218 3778.182659 3885.529665 3891.587274 3963.983953 3982.664724 4020.322766 4038.619742 4084.856062 4138.938590 4189.516475 4203.936858 4335.518896 4535.416528 4693.852868 5156.088486 5299.613137 5487.192653 6250.063082 6381.064875 6646.797934 6806.552984 6999.210897 7474.018637 7658.885736 7813.080981 8258.694916 8362.972074 9453.195714 9524.638317 9790.064438 10124.92506 10706.52181 10932.18385 11197.12346 11539.18214 11877.19215 12495.41160 13541.14615 15106.83713 16117.24948 16610.41069 17133.70952 19611.19937 20159.05741 21596.00493 24295.58149 28752.97668 29831.06313 31609.65518 33522.58069 35654.83482 35773.93052 37418.78602 40074.26987 42436.78685 48004.10271 53524.04469 55651.68633 64282.76416 70864.80814 76615.10287 88604.47113 100621.9515 175934.4822 231111.8407 249018.5540 263298.9687 380381.5571 712637.3673 2725764.297
