    unsorted:	 3967.206591 3996.533922 4036.587146 3919.781494 4100.911387 4148.180981 4167.376675 3865.055901 3846.059930 4293.548468 3740.042328 4476.859697 4605.840644 4745.272218 3436.345189 5195.520862 5273.049297 2850.176220 2667.539828 6167.167965 6316.051413 6594.325363 6675.301407 6742.346261 7326.971096 7439.348926 7757.964729 2261.951126 8217.365399 8318.213738 1689.724518 1495.748436 1253.462668 1266.894432 1137.916822 9454.330992 9678.412072 9858.554388 10205.68028 10840.16339 11029.16665 627.3328977 11647.78766 144.1488270 12367.94804 12724.41241 13526.28655 15869.41722 16181.21572 16584.52838 17118.17155 18774.52203 19616.74733 21352.53818 23924.41153 24390.71475 28551.88041 29834.07607 33306.23485 35004.67419 36729.61671 38668.41779 42117.14455 46113.38029 50373.53576 52596.64684 55638.47458 70363.65791 75844.97080 84444.61957 94525.66026 165256.6841 252118.6967 251373.4174 235043.2116 342178.1428 667789.8008 2692436.820
      sorted:	 144.1488270 627.3328977 1137.916822 1253.462668 1266.894432 1495.748436 1689.724518 2261.951126 2667.539828 2850.176220 3436.345189 3740.042328 3846.059930 3865.055901 3919.781494 3967.206591 3996.533922 4036.587146 4100.911387 4148.180981 4167.376675 4293.548468 4476.859697 4605.840644 4745.272218 5195.520862 5273.049297 6167.167965 6316.051413 6594.325363 6675.301407 6742.346261 7326.971096 7439.348926 7757.964729 8217.365399 8318.213738 9454.330992 9678.412072 9858.554388 10205.68028 10840.16339 11029.16665 11647.78766 12367.94804 12724.41241 13526.28655 15869.41722 16181.21572 16584.52838 17118.17155 18774.52203 19616.74733 21352.53818 23924.41153 24390.71475 28551.88041 29834.07607 33306.23485 35004.67419 36729.61671 38668.41779 42117.14455 46113.38029 50373.53576 52596.64684 55638.47458 70363.65791 75844.97080 84444.61957 94525.66026 165256.6841 235043.2116 251373.4174 252118.6967 342178.1428 667789.8008 2692436.820
