    unsorted:	 3858.766824 3846.771705 3740.508596 3744.369465 3708.356795 3939.232545 3967.043549 3993.675213 4007.119310 3636.012745 4112.405324 4206.830362 3470.077542 4459.089832 3288.446079 4564.162951 2693.437996 2698.681378 2569.299080 5080.040679 2268.931203 5517.865409 5940.419687 6417.837860 6608.132183 6736.875249 6771.312085 1674.315467 1237.834005 1288.272077 1153.934119 1101.502115 1077.839041 7283.002230 7798.195106 615.0353825 8183.288617 8345.237465 8913.262116 9190.377795 9544.735175 9697.328671 149.7165742 10157.06830 10963.68736 11223.24868 12486.01941 13372.86547 13707.23604 14657.61507 15796.25666 16512.26742 16744.58443 17510.23338 19758.31337 24102.57269 24636.55099 26470.99683 30139.44251 33492.48022 35867.12575 38068.28644 39873.15858 40719.80292 49952.62393 58003.62031 67078.09112 71980.74731 76011.33180 132769.9840 187216.8820 209524.8969 264129.3546 265311.1792 535495.6616 2539763.432
      sorted:	 149.7165742 615.0353825 1077.839041 1101.502115 1153.934119 1237.834005 1288.272077 1674.315467 2268.931203 2569.299080 2693.437996 2698.681378 3288.446079 3470.077542 3636.012745 3708.356795 3740.508596 3744.369465 3846.771705 3858.766824 3939.232545 3967.043549 3993.675213 4007.119310 4112.405324 4206.830362 4459.089832 4564.162951 5080.040679 5517.865409 5940.419687 6417.837860 6608.132183 6736.875249 6771.312085 7283.002230 7798.195106 8183.288617 8345.237465 8913.262116 9190.377795 9544.735175 9697.328671 10157.06830 10963.68736 11223.24868 12486.01941 13372.86547 13707.23604 14657.61507 15796.25666 16512.26742 16744.58443 17510.23338 19758.31337 24102.57269 24636.55099 26470.99683 30139.44251 33492.48022 35867.12575 38068.28644 39873.15858 40719.80292 49952.62393 58003.62031 67078.09112 71980.74731 76011.33180 132769.9840 187216.8820 209524.8969 264129.3546 265311.1792 535495.6616 2539763.432
