    unsorted:	 3993.974745 3979.105587 3949.206147 4051.252048 4091.618199 4112.626277 3865.299712 3822.857043 3780.245644 3755.456601 4263.487776 4472.460812 4540.350938 3429.087548 3394.936434 4683.160399 4836.898241 5206.420190 2808.464852 2702.737712 2493.927756 6064.159895 6095.015369 6383.929144 6424.292525 6644.069403 6737.720760 7106.339588 2051.278093 7382.999556 7763.902902 1424.237064 1521.843202 1278.703826 1184.054776 1144.542571 8169.643860 8313.514180 627.6410092 9416.370640 9596.533062 10107.58949 10730.88699 10880.69578 11017.52455 147.6250939 11555.11577 12503.05872 13497.03771 15897.78084 16634.51975 17096.66477 17517.13705 19642.01067 20379.20817 24503.17401 26795.26147 28332.77337 29874.25245 33281.22734 34475.18053 36149.53951 37107.83365 40868.58318 42581.87949 46021.92735 51584.13078 69681.96121 74312.19203 76018.03608 85435.01986 149876.0598 216479.2622 252140.1232 236027.2794 305989.4105 608851.8675 2642137.797
      sorted:	 147.6250939 627.6410092 1144.542571 1184.054776 1278.703826 1424.237064 1521.843202 2051.278093 2493.927756 2702.737712 2808.464852 3394.936434 3429.087548 3755.456601 3780.245644 3822.857043 3865.299712 3949.206147 3979.105587 3993.974745 4051.252048 4091.618199 4112.626277 4263.487776 4472.460812 4540.350938 4683.160399 4836.898241 5206.420190 6064.159895 6095.015369 6383.929144 6424.292525 6644.069403 6737.720760 7106.339588 7382.999556 7763.902902 8169.643860 8313.514180 9416.370640 9596.533062 10107.58949 10730.88699 10880.69578 11017.52455 11555.11577 12503.05872 13497.03771 15897.78084 16634.51975 17096.66477 17517.13705 19642.01067 20379.20817 24503.17401 26795.26147 28332.77337 29874.25245 33281.22734 34475.18053 36149.53951 37107.83365 40868.58318 42581.87949 46021.92735 51584.13078 69681.96121 74312.19203 76018.03608 85435.01986 149876.0598 216479.2622 236027.2794 252140.1232 305989.4105 608851.8675 2642137.797
