    unsorted:	 5356.072681 5326.904666 5231.279206 5204.091114 5077.832345 4997.447825 4915.191899 5524.853751 4803.099294 5821.325428 4314.844276 6253.649587 6992.264213 7411.902825 7820.368196 8189.418034 8711.802257 8933.763791 3290.030083 9527.800973 2385.823810 2274.224289 2043.211784 1873.205849 1728.852782 1410.137261 1162.381120 12831.41306 12972.79261 12154.56959 13666.10298 14546.04978 14837.86079 243.4962407 16450.92089 17020.63331 19118.71163 22318.89414 23419.07847 24083.59672 24517.21821 25075.65416 27099.40031 31424.91726 32903.70414 34455.21817 36259.54911 39099.73121 42702.93099 44991.59068 44780.95620 52871.57680 54409.14518 58420.40337 64833.44571 67095.48076 69908.79501 71886.14706 79612.67003 84608.48391 89628.63176 95489.25592 112313.9713 121247.8584 128373.3052 135426.6329 147415.4899 157214.6575 161032.6755 179177.2004 193830.1101 203515.3742 231042.5974 242297.1581 249933.0376 276872.1069 384358.4419 450741.2931 530662.7686 791545.6853 2864920.009 4113187.947
      sorted:	 243.4962407 1162.381120 1410.137261 1728.852782 1873.205849 2043.211784 2274.224289 2385.823810 3290.030083 4314.844276 4803.099294 4915.191899 4997.447825 5077.832345 5204.091114 5231.279206 5326.904666 5356.072681 5524.853751 5821.325428 6253.649587 6992.264213 7411.902825 7820.368196 8189.418034 8711.802257 8933.763791 9527.800973 12154.56959 12831.41306 12972.79261 13666.10298 14546.04978 14837.86079 16450.92089 17020.63331 19118.71163 22318.89414 23419.07847 24083.59672 24517.21821 25075.65416 27099.40031 31424.91726 32903.70414 34455.21817 36259.54911 39099.73121 42702.93099 44780.95620 44991.59068 52871.57680 54409.14518 58420.40337 64833.44571 67095.48076 69908.79501 71886.14706 79612.67003 84608.48391 89628.63176 95489.25592 112313.9713 121247.8584 128373.3052 135426.6329 147415.4899 157214.6575 161032.6755 179177.2004 193830.1101 203515.3742 231042.5974 242297.1581 249933.0376 276872.1069 384358.4419 450741.2931 530662.7686 791545.6853 2864920.009 4113187.947
