    unsorted:	 3969.098047 3975.950644 3898.801450 3922.640776 4053.046988 4091.312672 3839.957234 4159.804636 4205.748538 4223.818749 3752.651921 4440.327963 4464.658909 3492.717375 4894.937242 5077.681912 5192.491615 5350.937229 2902.731559 2867.048069 2707.095260 2444.311938 6152.598087 6230.271459 6521.535212 6615.531777 6721.929631 7481.158298 7545.928742 7335.244723 8013.930543 1834.164977 1489.596841 1408.560307 1262.235615 1247.141325 8302.819700 9207.751909 9534.592513 9799.112383 10268.37477 10512.55968 10713.04879 11002.49462 714.9847075 11446.68801 11856.78655 157.2499761 12393.63359 13174.57115 15321.74329 15662.97201 16225.41057 17103.57987 19023.08003 20727.83664 21751.29925 23885.96647 28975.57886 28481.98551 32263.67294 33113.70480 34364.41018 36186.92666 39012.23807 40236.82373 43348.50137 46209.95845 50871.20436 60635.87407 63120.23672 69451.35006 73699.16857 86602.05065 101635.2783 168908.2681 231114.1057 245864.3894 262398.8756 408509.9032 725693.7169 2728528.452
      sorted:	 157.2499761 714.9847075 1247.141325 1262.235615 1408.560307 1489.596841 1834.164977 2444.311938 2707.095260 2867.048069 2902.731559 3492.717375 3752.651921 3839.957234 3898.801450 3922.640776 3969.098047 3975.950644 4053.046988 4091.312672 4159.804636 4205.748538 4223.818749 4440.327963 4464.658909 4894.937242 5077.681912 5192.491615 5350.937229 6152.598087 6230.271459 6521.535212 6615.531777 6721.929631 7335.244723 7481.158298 7545.928742 8013.930543 8302.819700 9207.751909 9534.592513 9799.112383 10268.37477 10512.55968 10713.04879 11002.49462 11446.68801 11856.78655 12393.63359 13174.57115 15321.74329 15662.97201 16225.41057 17103.57987 19023.08003 20727.83664 21751.29925 23885.96647 28481.98551 28975.57886 32263.67294 33113.70480 34364.41018 36186.92666 39012.23807 40236.82373 43348.50137 46209.95845 50871.20436 60635.87407 63120.23672 69451.35006 73699.16857 86602.05065 101635.2783 168908.2681 231114.1057 245864.3894 262398.8756 408509.9032 725693.7169 2728528.452
