    unsorted:	 3970.664187 4003.113542 4043.775838 3926.893117 4107.597899 4155.515381 4174.644885 3871.126633 3854.646822 4301.811085 4476.345476 3743.282152 4611.666539 4747.649957 3440.959264 5200.291172 5277.050489 2854.866486 2673.185793 6327.967374 6172.549925 6599.604541 6708.152588 6739.320911 2388.219821 7331.418166 7443.779588 7754.504729 8221.998751 8321.226242 1719.590758 1504.791193 1262.003080 1288.432235 1139.557182 9468.817744 9763.695612 9881.281648 10289.13662 10847.70272 11054.60266 631.4844250 11662.59458 144.3181419 12389.37365 12867.22855 13542.36518 15933.03531 16400.35482 16589.77916 17144.22793 19363.30950 19657.97892 21364.61834 24377.39475 24477.91859 29545.23236 29840.03585 33423.13500 35082.55551 36749.15315 39074.93717 42169.15889 46193.11811 52402.49080 53321.40351 56941.83895 70455.70725 76005.58290 84982.57654 95046.38235 165897.5893 252110.4725 252403.3759 237761.6420 358953.1721 671595.4315 2694320.224
      sorted:	 144.3181419 631.4844250 1139.557182 1262.003080 1288.432235 1504.791193 1719.590758 2388.219821 2673.185793 2854.866486 3440.959264 3743.282152 3854.646822 3871.126633 3926.893117 3970.664187 4003.113542 4043.775838 4107.597899 4155.515381 4174.644885 4301.811085 4476.345476 4611.666539 4747.649957 5200.291172 5277.050489 6172.549925 6327.967374 6599.604541 6708.152588 6739.320911 7331.418166 7443.779588 7754.504729 8221.998751 8321.226242 9468.817744 9763.695612 9881.281648 10289.13662 10847.70272 11054.60266 11662.59458 12389.37365 12867.22855 13542.36518 15933.03531 16400.35482 16589.77916 17144.22793 19363.30950 19657.97892 21364.61834 24377.39475 24477.91859 29545.23236 29840.03585 33423.13500 35082.55551 36749.15315 39074.93717 42169.15889 46193.11811 52402.49080 53321.40351 56941.83895 70455.70725 76005.58290 84982.57654 95046.38235 165897.5893 237761.6420 252110.4725 252403.3759 358953.1721 671595.4315 2694320.224
