    unsorted:	 4039.229773 4032.130654 4087.867806 3983.646927 4135.878082 4150.690659 3924.597410 3826.375866 3856.663541 3810.316391 4303.175968 4558.958373 3491.244770 4662.499056 4926.481131 5211.607002 5283.093924 2916.571033 2741.727361 2721.656197 2402.312379 2359.250088 2242.572234 2216.519378 6234.393751 6383.394484 6659.359242 6721.047682 6801.932792 7366.393632 7494.725819 7812.996163 1721.135239 1506.593648 1334.051927 1264.249847 1141.058458 8286.502236 8383.216650 632.5990139 9521.707522 9750.113585 9849.287970 10316.42275 10837.14992 11111.47330 145.3008883 11652.38568 12107.45521 12610.24628 13578.05066 16052.70495 16658.10231 17113.72710 19267.09581 19661.64998 21406.82391 22536.18680 24456.50613 24690.83340 29692.77031 29902.75001 33513.54332 35224.51705 36833.93376 39184.02357 42360.14147 46398.80933 52533.60182 53758.48240 57856.58744 70367.19092 76112.58818 85140.93492 95898.44502 166172.1489 231102.8442 238028.1321 252692.4437 363005.7663 676233.8882 2713953.677
      sorted:	 145.3008883 632.5990139 1141.058458 1264.249847 1334.051927 1506.593648 1721.135239 2216.519378 2242.572234 2359.250088 2402.312379 2721.656197 2741.727361 2916.571033 3491.244770 3810.316391 3826.375866 3856.663541 3924.597410 3983.646927 4032.130654 4039.229773 4087.867806 4135.878082 4150.690659 4303.175968 4558.958373 4662.499056 4926.481131 5211.607002 5283.093924 6234.393751 6383.394484 6659.359242 6721.047682 6801.932792 7366.393632 7494.725819 7812.996163 8286.502236 8383.216650 9521.707522 9750.113585 9849.287970 10316.42275 10837.14992 11111.47330 11652.38568 12107.45521 12610.24628 13578.05066 16052.70495 16658.10231 17113.72710 19267.09581 19661.64998 21406.82391 22536.18680 24456.50613 24690.83340 29692.77031 29902.75001 33513.54332 35224.51705 36833.93376 39184.02357 42360.14147 46398.80933 52533.60182 53758.48240 57856.58744 70367.19092 76112.58818 85140.93492 95898.44502 166172.1489 231102.8442 238028.1321 252692.4437 363005.7663 676233.8882 2713953.677
