    unsorted:	 4004.943023 4016.321796 3973.605734 3925.974930 4137.079352 4109.675010 4218.383949 4259.544774 4281.702060 3816.789996 3742.525489 4499.057652 4502.840064 4605.072437 3505.877845 5183.595647 5436.544746 5641.385375 2925.767580 2897.569490 2777.194710 6268.740739 6361.932298 6637.936339 6737.490653 6902.444790 7213.062265 7584.282696 7702.517919 7769.447673 8189.120610 1917.406165 1577.007416 1491.204768 1413.496419 1327.608360 8702.479849 9437.149239 826.5478451 10249.76592 10515.36775 10884.93167 10859.13094 11501.78109 12293.65705 180.4595136 12894.06037 13485.65988 14145.63652 15181.86082 15759.61219 16705.02215 17987.85930 18159.84171 19621.25507 21285.42361 23570.51624 24749.04279 30043.24137 32669.69218 34560.96297 36078.11395 37636.48187 39492.08390 42172.57746 43330.67500 47268.67868 53316.45701 55000.21729 67995.89376 73690.19551 74833.56839 81685.79190 93625.89082 108975.0238 183646.4688 231104.2698 267638.7389 272565.5810 527909.8775 779710.8940 2753765.371
      sorted:	 180.4595136 826.5478451 1327.608360 1413.496419 1491.204768 1577.007416 1917.406165 2777.194710 2897.569490 2925.767580 3505.877845 3742.525489 3816.789996 3925.974930 3973.605734 4004.943023 4016.321796 4109.675010 4137.079352 4218.383949 4259.544774 4281.702060 4499.057652 4502.840064 4605.072437 5183.595647 5436.544746 5641.385375 6268.740739 6361.932298 6637.936339 6737.490653 6902.444790 7213.062265 7584.282696 7702.517919 7769.447673 8189.120610 8702.479849 9437.149239 10249.76592 10515.36775 10859.13094 10884.93167 11501.78109 12293.65705 12894.06037 13485.65988 14145.63652 15181.86082 15759.61219 16705.02215 17987.85930 18159.84171 19621.25507 21285.42361 23570.51624 24749.04279 30043.24137 32669.69218 34560.96297 36078.11395 37636.48187 39492.08390 42172.57746 43330.67500 47268.67868 53316.45701 55000.21729 67995.89376 73690.19551 74833.56839 81685.79190 93625.89082 108975.0238 183646.4688 231104.2698 267638.7389 272565.5810 527909.8775 779710.8940 2753765.371
