    unsorted:	 3842.876056 3855.110430 3807.570675 3739.131282 3729.515089 3625.434924 3656.342540 3938.024454 3968.103088 3992.362604 4169.725072 4156.245248 3283.780496 4439.626459 4534.710842 4567.174535 3146.794529 2831.499060 2696.612948 4990.341896 2557.360518 5243.732079 2262.818212 6039.075389 6284.758185 6665.228616 6885.955231 6992.144453 1278.991564 1039.778193 1134.131105 957.8872943 833.2185083 873.9336349 596.1461899 7622.243803 8012.935169 8108.479870 8299.514643 8548.713951 146.3757484 9445.061037 9732.261759 10129.88133 10871.53918 11483.66064 12433.37279 12739.50358 13719.14682 16712.85922 17216.04261 19458.38224 20202.66293 24050.96229 26536.72058 28677.47351 29580.72402 33217.80119 34132.67793 37077.64624 40611.35566 46187.53104 59231.56652 66307.72391 72382.88886 106560.7927 152906.8896 195504.8410 230109.6303 291922.4257 465162.6354 2493603.826
      sorted:	 146.3757484 596.1461899 833.2185083 873.9336349 957.8872943 1039.778193 1134.131105 1278.991564 2262.818212 2557.360518 2696.612948 2831.499060 3146.794529 3283.780496 3625.434924 3656.342540 3729.515089 3739.131282 3807.570675 3842.876056 3855.110430 3938.024454 3968.103088 3992.362604 4156.245248 4169.725072 4439.626459 4534.710842 4567.174535 4990.341896 5243.732079 6039.075389 6284.758185 6665.228616 6885.955231 6992.144453 7622.243803 8012.935169 8108.479870 8299.514643 8548.713951 9445.061037 9732.261759 10129.88133 10871.53918 11483.66064 12433.37279 12739.50358 13719.14682 16712.85922 17216.04261 19458.38224 20202.66293 24050.96229 26536.72058 28677.47351 29580.72402 33217.80119 34132.67793 37077.64624 40611.35566 46187.53104 59231.56652 66307.72391 72382.88886 106560.7927 152906.8896 195504.8410 230109.6303 291922.4257 465162.6354 2493603.826
