    unsorted:	 3970.661709 4003.113026 4043.775466 3926.892382 4107.596659 4155.514377 4174.643850 3871.125474 3854.645959 4301.810787 4476.343292 3743.280028 4611.666303 4747.648806 3440.958690 5200.290935 5277.049858 2854.865062 2673.182403 6327.971120 6172.552676 6599.617982 6708.362010 6739.321425 2388.220626 7331.418378 7443.781787 7754.503099 8221.998051 8321.224663 1719.598932 1504.791563 1262.166077 1288.432829 1139.557455 9468.817053 9763.694878 9881.281094 10289.13601 10847.70277 11054.60123 631.4844168 11662.59452 144.3181178 12389.37007 12867.22751 13542.36400 15933.03520 16400.35466 16589.77767 17144.22572 19363.30988 19657.97814 21364.61857 24377.39342 24477.91871 29545.23224 29840.03418 33423.13357 35082.55433 36749.15142 39074.84004 42169.15148 46193.11783 52402.49098 53321.40584 56941.83853 70455.70737 76005.58164 84982.57687 95046.38293 165897.4000 252110.4724 252403.3697 237761.6379 358953.1717 671595.4331 2694320.228
      sorted:	 144.3181178 631.4844168 1139.557455 1262.166077 1288.432829 1504.791563 1719.598932 2388.220626 2673.182403 2854.865062 3440.958690 3743.280028 3854.645959 3871.125474 3926.892382 3970.661709 4003.113026 4043.775466 4107.596659 4155.514377 4174.643850 4301.810787 4476.343292 4611.666303 4747.648806 5200.290935 5277.049858 6172.552676 6327.971120 6599.617982 6708.362010 6739.321425 7331.418378 7443.781787 7754.503099 8221.998051 8321.224663 9468.817053 9763.694878 9881.281094 10289.13601 10847.70277 11054.60123 11662.59452 12389.37007 12867.22751 13542.36400 15933.03520 16400.35466 16589.77767 17144.22572 19363.30988 19657.97814 21364.61857 24377.39342 24477.91871 29545.23224 29840.03418 33423.13357 35082.55433 36749.15142 39074.84004 42169.15148 46193.11783 52402.49098 53321.40584 56941.83853 70455.70737 76005.58164 84982.57687 95046.38293 165897.4000 237761.6379 252110.4724 252403.3697 358953.1717 671595.4331 2694320.228
