    unsorted:	 4004.011614 3992.803595 4028.044115 3912.525224 4096.774639 4140.448438 4159.871227 3863.415210 3837.005385 3766.710751 4292.528120 4500.065697 3504.923651 3427.079082 4660.146632 5006.043348 5223.012110 2838.099553 2704.158415 6328.714117 6437.135907 6151.331004 6617.740078 6757.287334 6915.893468 2193.775136 7400.329641 7773.738918 8141.705667 8196.442598 8318.673553 1476.272615 1638.434259 1237.086858 1255.095722 1141.935996 9082.430432 9501.408358 9847.072941 10146.84457 627.9415870 10756.77511 11042.59777 146.1529781 11582.53965 12307.16433 12646.82877 13532.62347 15984.01681 16627.75593 17039.26659 17418.50420 18474.87439 19684.29367 21014.11965 24453.00737 27861.12866 29836.02557 31880.21025 34584.27871 36585.12642 38415.66730 41637.75781 44207.46777 45414.90784 49151.41949 51931.66866 69981.22928 74980.38549 81033.43082 91217.65080 157432.5645 226615.3009 252123.8660 246438.5754 323512.5079 645750.6361 2679722.167
      sorted:	 146.1529781 627.9415870 1141.935996 1237.086858 1255.095722 1476.272615 1638.434259 2193.775136 2704.158415 2838.099553 3427.079082 3504.923651 3766.710751 3837.005385 3863.415210 3912.525224 3992.803595 4004.011614 4028.044115 4096.774639 4140.448438 4159.871227 4292.528120 4500.065697 4660.146632 5006.043348 5223.012110 6151.331004 6328.714117 6437.135907 6617.740078 6757.287334 6915.893468 7400.329641 7773.738918 8141.705667 8196.442598 8318.673553 9082.430432 9501.408358 9847.072941 10146.84457 10756.77511 11042.59777 11582.53965 12307.16433 12646.82877 13532.62347 15984.01681 16627.75593 17039.26659 17418.50420 18474.87439 19684.29367 21014.11965 24453.00737 27861.12866 29836.02557 31880.21025 34584.27871 36585.12642 38415.66730 41637.75781 44207.46777 45414.90784 49151.41949 51931.66866 69981.22928 74980.38549 81033.43082 91217.65080 157432.5645 226615.3009 246438.5754 252123.8660 323512.5079 645750.6361 2679722.167
