    unsorted:	 5347.013146 5370.911351 5290.809813 5236.982978 5172.863711 5069.672646 5531.685171 4954.243247 4794.128743 5885.945598 4436.487433 6091.807221 3585.329946 6749.684774 3242.768619 8068.653178 8088.863905 2350.140468 2033.893857 1818.491708 1733.821636 1398.118184 1262.078961 1121.879447 9879.902684 10313.41021 11405.71990 11769.15990 12289.17136 12957.46655 13435.78592 229.1818084 14665.99270 15231.77367 15730.78827 17429.57097 19278.56663 20378.25716 22290.92735 23615.89690 24213.45954 26178.98726 27218.67827 29888.46311 33157.34742 35097.08779 37984.70681 39814.59051 42268.93696 44106.32265 44427.84476 49048.02582 56046.26681 56620.45415 58843.63494 68153.49104 70517.47204 74894.31526 76589.09095 82787.34911 91018.74127 97957.82749 107706.3389 119097.4136 123304.0725 133257.8803 141039.3449 149432.0230 152331.1156 167037.6767 172688.7097 200281.2871 226077.1343 231052.1302 230190.5317 252569.6819 329695.4509 417702.5352 528602.5877 761270.6765 2860068.802 4087016.740
      sorted:	 229.1818084 1121.879447 1262.078961 1398.118184 1733.821636 1818.491708 2033.893857 2350.140468 3242.768619 3585.329946 4436.487433 4794.128743 4954.243247 5069.672646 5172.863711 5236.982978 5290.809813 5347.013146 5370.911351 5531.685171 5885.945598 6091.807221 6749.684774 8068.653178 8088.863905 9879.902684 10313.41021 11405.71990 11769.15990 12289.17136 12957.46655 13435.78592 14665.99270 15231.77367 15730.78827 17429.57097 19278.56663 20378.25716 22290.92735 23615.89690 24213.45954 26178.98726 27218.67827 29888.46311 33157.34742 35097.08779 37984.70681 39814.59051 42268.93696 44106.32265 44427.84476 49048.02582 56046.26681 56620.45415 58843.63494 68153.49104 70517.47204 74894.31526 76589.09095 82787.34911 91018.74127 97957.82749 107706.3389 119097.4136 123304.0725 133257.8803 141039.3449 149432.0230 152331.1156 167037.6767 172688.7097 200281.2871 226077.1343 230190.5317 231052.1302 252569.6819 329695.4509 417702.5352 528602.5877 761270.6765 2860068.802 4087016.740
