    unsorted:	 3976.876208 3938.218725 4013.319652 4055.197498 3880.944906 3867.825227 4118.279741 4166.840863 4185.662052 3750.146152 4313.714313 4478.252158 4621.440637 3449.267269 4755.409665 5202.582720 5278.650952 2863.474582 2683.690842 2480.637749 6181.424754 6345.592054 6606.574108 6735.733720 6751.829546 7340.447521 7451.747725 7751.180294 8229.633282 8326.828532 1733.184265 1516.728834 1273.974229 1318.738514 1141.999519 9479.294876 9839.599453 9909.744027 10411.60541 10855.21552 11100.27156 636.6337069 11671.58555 144.6272712 12364.34038 12804.28995 13543.02082 15954.94429 16605.39716 16593.30569 17185.71589 19610.70581 20031.04236 21382.60972 24402.21422 25169.62288 29849.14000 30607.10964 33562.64170 35187.42264 36770.29992 39543.68049 42204.29971 46278.05435 52568.24198 56085.49314 58399.89898 70570.25315 76205.60649 85659.02642 95733.19857 166388.4233 252105.6743 240057.6658 253888.1097 376558.8999 677216.7771 2696977.601
      sorted:	 144.6272712 636.6337069 1141.999519 1273.974229 1318.738514 1516.728834 1733.184265 2480.637749 2683.690842 2863.474582 3449.267269 3750.146152 3867.825227 3880.944906 3938.218725 3976.876208 4013.319652 4055.197498 4118.279741 4166.840863 4185.662052 4313.714313 4478.252158 4621.440637 4755.409665 5202.582720 5278.650952 6181.424754 6345.592054 6606.574108 6735.733720 6751.829546 7340.447521 7451.747725 7751.180294 8229.633282 8326.828532 9479.294876 9839.599453 9909.744027 10411.60541 10855.21552 11100.27156 11671.58555 12364.34038 12804.28995 13543.02082 15954.94429 16593.30569 16605.39716 17185.71589 19610.70581 20031.04236 21382.60972 24402.21422 25169.62288 29849.14000 30607.10964 33562.64170 35187.42264 36770.29992 39543.68049 42204.29971 46278.05435 52568.24198 56085.49314 58399.89898 70570.25315 76205.60649 85659.02642 95733.19857 166388.4233 240057.6658 252105.6743 253888.1097 376558.8999 677216.7771 2696977.601
