    unsorted:	 3996.199703 3973.181539 4009.481072 3931.246849 3861.868346 3838.134655 3743.374597 3724.422188 3692.525013 3645.353598 4083.457152 4186.503067 3382.156526 3278.261457 4414.908436 4548.182527 4687.057400 2689.146427 2665.996135 2551.708620 5087.895326 2263.395566 5914.658961 6278.019415 6568.565204 6785.383154 6752.540715 7113.286642 7339.592010 7768.233063 8045.457336 8206.838341 8441.045092 1392.118930 1107.981329 1139.423365 1030.938001 878.5042697 940.4344441 604.3464143 9362.012761 9589.508122 10054.70600 146.9444110 10838.58562 11883.88378 12473.47444 12753.79135 13672.09380 15905.21510 16670.53272 17431.05738 19550.77867 21286.84270 24213.78760 28467.97649 29289.12663 33252.01606 34694.50164 35369.67277 38081.59147 42560.05515 48472.01150 61758.32754 68049.54560 73262.92288 112228.8397 161222.5925 200676.6579 237736.7964 284447.6331 485175.5249 2503350.655
      sorted:	 146.9444110 604.3464143 878.5042697 940.4344441 1030.938001 1107.981329 1139.423365 1392.118930 2263.395566 2551.708620 2665.996135 2689.146427 3278.261457 3382.156526 3645.353598 3692.525013 3724.422188 3743.374597 3838.134655 3861.868346 3931.246849 3973.181539 3996.199703 4009.481072 4083.457152 4186.503067 4414.908436 4548.182527 4687.057400 5087.895326 5914.658961 6278.019415 6568.565204 6752.540715 6785.383154 7113.286642 7339.592010 7768.233063 8045.457336 8206.838341 8441.045092 9362.012761 9589.508122 10054.70600 10838.58562 11883.88378 12473.47444 12753.79135 13672.09380 15905.21510 16670.53272 17431.05738 19550.77867 21286.84270 24213.78760 28467.97649 29289.12663 33252.01606 34694.50164 35369.67277 38081.59147 42560.05515 48472.01150 61758.32754 68049.54560 73262.92288 112228.8397 161222.5925 200676.6579 237736.7964 284447.6331 485175.5249 2503350.655
