    unsorted:	 4323.448231 4348.666332 4284.455855 4400.386206 4457.118864 4472.661007 4492.968402 4205.803502 4147.798924 4059.786986 4621.320264 4877.246218 4906.472951 3876.863409 3727.339163 5266.885981 3381.271560 5682.520118 6155.351414 6265.624313 6314.203561 6533.544509 6778.712371 6941.880892 2910.936750 2693.022570 2580.182505 7417.654078 7652.655829 7926.878085 8199.895208 8430.340109 1858.606026 1575.247961 1466.808026 1277.297891 1187.793151 9091.276321 9479.992670 878.4470723 10597.76896 10685.82101 11305.63068 190.8461780 12006.09551 12426.88198 12662.98693 13632.54937 14191.85684 15330.48988 15463.23539 16318.08677 17250.82062 17355.81167 19738.58573 21995.22047 24178.13548 24932.99283 29300.86416 31463.20432 33503.72154 36179.08011 38773.91123 40364.80737 41618.22224 44490.04092 47017.21383 53172.79094 55004.41295 65202.22597 72082.90717 77471.30586 80308.44050 93353.72648 120480.7163 175192.1465 231111.9595 252693.5920 268466.9828 523958.2626 884174.1340 2750985.041
      sorted:	 190.8461780 878.4470723 1187.793151 1277.297891 1466.808026 1575.247961 1858.606026 2580.182505 2693.022570 2910.936750 3381.271560 3727.339163 3876.863409 4059.786986 4147.798924 4205.803502 4284.455855 4323.448231 4348.666332 4400.386206 4457.118864 4472.661007 4492.968402 4621.320264 4877.246218 4906.472951 5266.885981 5682.520118 6155.351414 6265.624313 6314.203561 6533.544509 6778.712371 6941.880892 7417.654078 7652.655829 7926.878085 8199.895208 8430.340109 9091.276321 9479.992670 10597.76896 10685.82101 11305.63068 12006.09551 12426.88198 12662.98693 13632.54937 14191.85684 15330.48988 15463.23539 16318.08677 17250.82062 17355.81167 19738.58573 21995.22047 24178.13548 24932.99283 29300.86416 31463.20432 33503.72154 36179.08011 38773.91123 40364.80737 41618.22224 44490.04092 47017.21383 53172.79094 55004.41295 65202.22597 72082.90717 77471.30586 80308.44050 93353.72648 120480.7163 175192.1465 231111.9595 252693.5920 268466.9828 523958.2626 884174.1340 2750985.041
