    unsorted:	 4398.619398 4377.390503 4328.572675 4435.428397 4450.047270 4272.702577 4245.730502 4188.167470 4127.622843 4591.754686 4049.696637 4805.193971 4829.699817 3826.155350 3678.902403 5228.594887 3384.857020 5633.390262 6037.872459 6240.447093 6190.629881 6402.600122 6633.232301 6818.554718 2854.176119 2680.031393 2602.812579 7222.303572 7488.810650 7777.496178 8097.304651 8240.677560 1829.071988 1528.376541 1453.462467 1251.110050 1165.793841 8886.984339 868.1380076 9302.311887 10453.73091 10378.31688 11045.23084 188.5984585 11725.39832 12083.60043 12283.17701 13221.53368 13903.58650 14801.77943 15034.20328 15819.06320 16617.01755 16986.58524 19153.22565 21630.54916 23372.32220 24024.81845 28421.09741 30774.79285 32868.75793 34792.77736 37874.57122 39486.29969 40461.97136 43313.71548 45888.93706 52106.44987 53722.54470 63724.25847 70392.70350 76168.93476 79083.79206 92032.20325 115772.7329 171267.5026 231112.4296 247589.9344 268024.7371 522839.7210 845082.6597 2749734.609
      sorted:	 188.5984585 868.1380076 1165.793841 1251.110050 1453.462467 1528.376541 1829.071988 2602.812579 2680.031393 2854.176119 3384.857020 3678.902403 3826.155350 4049.696637 4127.622843 4188.167470 4245.730502 4272.702577 4328.572675 4377.390503 4398.619398 4435.428397 4450.047270 4591.754686 4805.193971 4829.699817 5228.594887 5633.390262 6037.872459 6190.629881 6240.447093 6402.600122 6633.232301 6818.554718 7222.303572 7488.810650 7777.496178 8097.304651 8240.677560 8886.984339 9302.311887 10378.31688 10453.73091 11045.23084 11725.39832 12083.60043 12283.17701 13221.53368 13903.58650 14801.77943 15034.20328 15819.06320 16617.01755 16986.58524 19153.22565 21630.54916 23372.32220 24024.81845 28421.09741 30774.79285 32868.75793 34792.77736 37874.57122 39486.29969 40461.97136 43313.71548 45888.93706 52106.44987 53722.54470 63724.25847 70392.70350 76168.93476 79083.79206 92032.20325 115772.7329 171267.5026 231112.4296 247589.9344 268024.7371 522839.7210 845082.6597 2749734.609
