    unsorted:	 3966.203503 3927.663253 4004.044053 4044.947417 3871.937284 3855.952543 4108.660511 4156.781895 4175.859615 3739.622713 4302.721763 4473.416372 4610.683590 3441.021019 4745.624870 5203.041244 5280.269430 2855.165241 2669.174789 6730.472463 6718.146755 6589.555712 6325.270342 6171.011278 7324.032729 7436.960796 7745.166348 2386.537217 8218.282272 8316.900012 1718.867224 1503.171677 1262.565910 1307.031135 1139.706482 9459.702546 9759.103508 9863.244885 10282.26027 10835.02370 11040.97753 631.7868547 11645.01039 144.2417351 12342.71444 12740.09601 13520.27110 15907.10222 16308.25261 16576.00422 17153.16227 19358.55722 19646.15508 21338.32207 24352.73424 24443.82736 29534.38574 29820.41208 33383.77464 35050.47770 36724.27913 39061.88328 42155.48721 46186.31425 52377.75356 53304.03663 56910.95352 70466.14487 76021.60877 84981.45990 95063.08050 166040.3424 252111.3530 252597.7337 237880.5527 358664.2027 673033.1760 2694717.127
      sorted:	 144.2417351 631.7868547 1139.706482 1262.565910 1307.031135 1503.171677 1718.867224 2386.537217 2669.174789 2855.165241 3441.021019 3739.622713 3855.952543 3871.937284 3927.663253 3966.203503 4004.044053 4044.947417 4108.660511 4156.781895 4175.859615 4302.721763 4473.416372 4610.683590 4745.624870 5203.041244 5280.269430 6171.011278 6325.270342 6589.555712 6718.146755 6730.472463 7324.032729 7436.960796 7745.166348 8218.282272 8316.900012 9459.702546 9759.103508 9863.244885 10282.26027 10835.02370 11040.97753 11645.01039 12342.71444 12740.09601 13520.27110 15907.10222 16308.25261 16576.00422 17153.16227 19358.55722 19646.15508 21338.32207 24352.73424 24443.82736 29534.38574 29820.41208 33383.77464 35050.47770 36724.27913 39061.88328 42155.48721 46186.31425 52377.75356 53304.03663 56910.95352 70466.14487 76021.60877 84981.45990 95063.08050 166040.3424 237880.5527 252111.3530 252597.7337 358664.2027 673033.1760 2694717.127
