    unsorted:	 3984.476109 3991.615226 4024.654085 3906.092592 4094.321136 4138.867280 4159.572279 3859.562543 3831.191768 3747.536026 4289.004847 4485.957809 4600.268955 4732.411009 3422.691814 5143.875451 5233.740327 2836.162801 2674.313146 6157.708254 6313.193519 6584.850448 6650.759990 6747.383467 7309.687132 7420.174599 7755.569448 2153.629474 8207.867677 8307.688206 1672.920890 1508.730234 1253.334824 1274.091123 1138.450986 9438.730092 9628.078077 9823.094667 10156.03889 10831.57990 11009.60705 628.7282494 11628.12947 143.7218740 12306.10556 12702.91452 13532.53995 15874.67878 16154.64421 16565.75264 17043.74587 19612.63667 20521.38125 21364.63631 23918.80934 24437.95027 29926.65031 29863.04620 33223.12062 34960.11413 36747.23567 39248.97153 42177.40293 46083.96917 52506.51809 54058.48052 57285.82749 70586.12903 75788.03088 84163.61764 94590.08174 165067.1401 252120.3645 251519.7501 237544.9558 360984.2597 668816.9139 2692729.395
      sorted:	 143.7218740 628.7282494 1138.450986 1253.334824 1274.091123 1508.730234 1672.920890 2153.629474 2674.313146 2836.162801 3422.691814 3747.536026 3831.191768 3859.562543 3906.092592 3984.476109 3991.615226 4024.654085 4094.321136 4138.867280 4159.572279 4289.004847 4485.957809 4600.268955 4732.411009 5143.875451 5233.740327 6157.708254 6313.193519 6584.850448 6650.759990 6747.383467 7309.687132 7420.174599 7755.569448 8207.867677 8307.688206 9438.730092 9628.078077 9823.094667 10156.03889 10831.57990 11009.60705 11628.12947 12306.10556 12702.91452 13532.53995 15874.67878 16154.64421 16565.75264 17043.74587 19612.63667 20521.38125 21364.63631 23918.80934 24437.95027 29863.04620 29926.65031 33223.12062 34960.11413 36747.23567 39248.97153 42177.40293 46083.96917 52506.51809 54058.48052 57285.82749 70586.12903 75788.03088 84163.61764 94590.08174 165067.1401 237544.9558 251519.7501 252120.3645 360984.2597 668816.9139 2692729.395
