    unsorted:	 4006.937412 3996.180117 3968.519686 4042.769392 4083.462352 3883.132745 3891.303061 4138.817813 4188.423968 4202.412716 3790.813434 4339.786837 4541.304555 3517.058312 4698.893656 5189.981393 5326.251002 5475.269087 2935.483968 2880.284476 2705.002943 2488.515302 6250.445306 6381.176549 6654.818228 6795.889799 6912.079007 7468.087074 7614.934450 7806.133742 1844.184351 8255.866181 8362.401499 1529.678986 1308.262188 1375.442206 1142.079540 9526.291210 9483.471258 9749.030870 10079.54012 10650.54680 10911.87703 11170.92530 11463.45594 643.6317085 11841.06433 143.6794401 12509.34550 13541.09121 15056.73922 16107.54799 16630.51158 17148.65599 19596.00527 19741.38427 21528.94280 24387.05207 28330.38948 29842.39059 30320.29599 32589.30894 34488.50629 35365.83076 36903.14016 40614.41955 42485.07244 47144.51965 52716.71691 53389.47946 61766.43406 70325.61472 76156.55195 87303.85922 100279.3100 173327.2797 231115.5342 247944.9583 261147.6839 355944.6747 711287.5900 2723902.147
      sorted:	 143.6794401 643.6317085 1142.079540 1308.262188 1375.442206 1529.678986 1844.184351 2488.515302 2705.002943 2880.284476 2935.483968 3517.058312 3790.813434 3883.132745 3891.303061 3968.519686 3996.180117 4006.937412 4042.769392 4083.462352 4138.817813 4188.423968 4202.412716 4339.786837 4541.304555 4698.893656 5189.981393 5326.251002 5475.269087 6250.445306 6381.176549 6654.818228 6795.889799 6912.079007 7468.087074 7614.934450 7806.133742 8255.866181 8362.401499 9483.471258 9526.291210 9749.030870 10079.54012 10650.54680 10911.87703 11170.92530 11463.45594 11841.06433 12509.34550 13541.09121 15056.73922 16107.54799 16630.51158 17148.65599 19596.00527 19741.38427 21528.94280 24387.05207 28330.38948 29842.39059 30320.29599 32589.30894 34488.50629 35365.83076 36903.14016 40614.41955 42485.07244 47144.51965 52716.71691 53389.47946 61766.43406 70325.61472 76156.55195 87303.85922 100279.3100 173327.2797 231115.5342 247944.9583 261147.6839 355944.6747 711287.5900 2723902.147
