    unsorted:	 3970.661705 4003.113026 4043.775466 3926.892381 4107.596658 4155.514377 4174.643850 3871.125474 3854.645959 4301.810786 4476.343286 3743.280024 4611.666302 4747.648807 3440.958689 5200.290929 5277.049858 2854.865062 2673.182402 6327.971135 6172.552624 6599.617799 6708.359633 6739.321381 2388.220443 7331.418331 7443.781761 7754.503100 8221.998127 8321.224665 1719.598127 1504.791562 1262.166084 1288.432826 1139.557455 9468.817073 9763.694880 9881.281097 10289.13601 10847.70277 11054.60124 631.4844167 11662.59450 144.3181178 12389.37007 12867.22747 13542.36401 15933.03521 16400.35466 16589.77767 17144.22574 19363.30988 19657.97813 21364.61856 24377.39343 24477.91872 29545.23227 29840.03418 33423.13370 35082.55429 36749.15160 39074.85408 42169.15206 46193.11783 52402.49092 53321.40532 56941.83865 70455.70741 76005.58159 84982.57687 95046.38291 165897.3906 252110.4724 252403.3695 237761.6379 358953.1716 671595.4330 2694320.228
      sorted:	 144.3181178 631.4844167 1139.557455 1262.166084 1288.432826 1504.791562 1719.598127 2388.220443 2673.182402 2854.865062 3440.958689 3743.280024 3854.645959 3871.125474 3926.892381 3970.661705 4003.113026 4043.775466 4107.596658 4155.514377 4174.643850 4301.810786 4476.343286 4611.666302 4747.648807 5200.290929 5277.049858 6172.552624 6327.971135 6599.617799 6708.359633 6739.321381 7331.418331 7443.781761 7754.503100 8221.998127 8321.224665 9468.817073 9763.694880 9881.281097 10289.13601 10847.70277 11054.60124 11662.59450 12389.37007 12867.22747 13542.36401 15933.03521 16400.35466 16589.77767 17144.22574 19363.30988 19657.97813 21364.61856 24377.39343 24477.91872 29545.23227 29840.03418 33423.13370 35082.55429 36749.15160 39074.85408 42169.15206 46193.11783 52402.49092 53321.40532 56941.83865 70455.70741 76005.58159 84982.57687 95046.38291 165897.3906 237761.6379 252110.4724 252403.3695 358953.1716 671595.4330 2694320.228
