    unsorted:	 3926.654380 3943.091049 3962.086309 4020.982407 4072.245217 3851.116134 4134.983988 3693.723569 4299.166681 3512.051499 3413.717719 3325.478356 4684.954773 4787.847194 2938.350200 5230.619957 5383.373883 6002.331063 6258.062718 6582.193150 6649.857642 6775.160068 7050.924271 7143.813512 7356.278275 7452.789864 7614.135179 2492.196557 8188.245691 8607.349922 1717.844099 1659.384614 1368.328976 1407.117960 1224.277779 9176.677383 850.3033452 9999.584504 10385.98141 10776.82143 11018.35903 11547.68644 11821.32242 12063.64098 233.0475257 13110.99846 16068.91045 16489.61502 18406.11206 18964.75481 19305.57564 20498.48001 21337.91347 24185.22378 30078.72414 33929.08705 34828.21532 35993.04392 39866.66295 41118.01538 45156.05801 49604.13744 51472.08339 56292.80138 73169.41548 79176.69746 82115.04006 88159.66516 100986.0019 183303.4026 264140.3898 253757.7945 321358.5330 779692.2973 1624759.264 2355736.002
      sorted:	 233.0475257 850.3033452 1224.277779 1368.328976 1407.117960 1659.384614 1717.844099 2492.196557 2938.350200 3325.478356 3413.717719 3512.051499 3693.723569 3851.116134 3926.654380 3943.091049 3962.086309 4020.982407 4072.245217 4134.983988 4299.166681 4684.954773 4787.847194 5230.619957 5383.373883 6002.331063 6258.062718 6582.193150 6649.857642 6775.160068 7050.924271 7143.813512 7356.278275 7452.789864 7614.135179 8188.245691 8607.349922 9176.677383 9999.584504 10385.98141 10776.82143 11018.35903 11547.68644 11821.32242 12063.64098 13110.99846 16068.91045 16489.61502 18406.11206 18964.75481 19305.57564 20498.48001 21337.91347 24185.22378 30078.72414 33929.08705 34828.21532 35993.04392 39866.66295 41118.01538 45156.05801 49604.13744 51472.08339 56292.80138 73169.41548 79176.69746 82115.04006 88159.66516 100986.0019 183303.4026 253757.7945 264140.3898 321358.5330 779692.2973 1624759.264 2355736.002
