    unsorted:	 4081.271748 4112.291688 4107.311352 4048.970285 4029.796751 3947.810299 3921.648985 3837.358655 3798.545514 3805.542343 4292.463635 3612.468899 4621.267157 4662.503464 5093.572914 5231.604249 3079.107587 2761.334560 6530.815439 6560.136661 6382.535817 6208.439379 6740.799422 7341.857097 7601.933461 7710.686608 8104.359391 8235.809405 2303.358232 9272.419532 9417.036846 9675.211934 1636.186847 1445.305219 1206.384291 1132.785944 1029.150970 10431.85949 10693.34439 10937.55396 620.1246625 11900.43404 11631.13748 143.2158158 13092.68708 12809.88331 15624.57921 15802.82799 16178.80316 18100.94199 18843.16349 20160.53775 20844.42638 22948.29854 28200.24542 28494.47235 31385.20350 32985.50242 34613.32504 37360.88374 40115.22612 44277.10278 49870.69685 50639.63123 53961.70561 65928.84278 73288.83436 79493.54174 85173.14191 158879.0493 228222.6446 242502.3628 264147.5608 349268.4924 579780.7064 2685756.125
      sorted:	 143.2158158 620.1246625 1029.150970 1132.785944 1206.384291 1445.305219 1636.186847 2303.358232 2761.334560 3079.107587 3612.468899 3798.545514 3805.542343 3837.358655 3921.648985 3947.810299 4029.796751 4048.970285 4081.271748 4107.311352 4112.291688 4292.463635 4621.267157 4662.503464 5093.572914 5231.604249 6208.439379 6382.535817 6530.815439 6560.136661 6740.799422 7341.857097 7601.933461 7710.686608 8104.359391 8235.809405 9272.419532 9417.036846 9675.211934 10431.85949 10693.34439 10937.55396 11631.13748 11900.43404 12809.88331 13092.68708 15624.57921 15802.82799 16178.80316 18100.94199 18843.16349 20160.53775 20844.42638 22948.29854 28200.24542 28494.47235 31385.20350 32985.50242 34613.32504 37360.88374 40115.22612 44277.10278 49870.69685 50639.63123 53961.70561 65928.84278 73288.83436 79493.54174 85173.14191 158879.0493 228222.6446 242502.3628 264147.5608 349268.4924 579780.7064 2685756.125
