    unsorted:	 3973.770063 3978.998081 4008.838423 3892.886886 3879.102153 4034.010529 3776.321454 3759.409136 3719.470619 3678.125697 4206.474114 4437.017836 4566.403853 4655.893490 3323.473152 3091.370051 2730.180631 2677.091351 5109.650565 2488.066294 2266.376887 5910.037376 5824.039953 6075.621266 6407.787651 6321.802534 6619.695731 6712.079399 1910.285204 1381.220689 1440.271574 1207.276001 1150.077023 1142.850495 7301.298717 7693.410225 7973.200770 8157.236315 8296.654156 623.7099271 9302.229030 9527.529410 149.9115628 10103.48372 10699.19980 10982.98561 11456.44346 12487.52122 13476.37811 15662.55988 16665.69433 16332.79147 17136.19704 19019.34998 19807.86272 21806.12062 24493.29475 25992.88702 26682.94692 29819.62092 33581.46264 35162.13686 36283.23830 39575.37901 41850.62836 43691.98268 51268.65107 68587.02441 71616.41396 73721.47453 81299.82102 144830.2792 204600.4283 222561.7427 252131.1312 288728.9805 576941.6880 2602484.556
      sorted:	 149.9115628 623.7099271 1142.850495 1150.077023 1207.276001 1381.220689 1440.271574 1910.285204 2266.376887 2488.066294 2677.091351 2730.180631 3091.370051 3323.473152 3678.125697 3719.470619 3759.409136 3776.321454 3879.102153 3892.886886 3973.770063 3978.998081 4008.838423 4034.010529 4206.474114 4437.017836 4566.403853 4655.893490 5109.650565 5824.039953 5910.037376 6075.621266 6321.802534 6407.787651 6619.695731 6712.079399 7301.298717 7693.410225 7973.200770 8157.236315 8296.654156 9302.229030 9527.529410 10103.48372 10699.19980 10982.98561 11456.44346 12487.52122 13476.37811 15662.55988 16332.79147 16665.69433 17136.19704 19019.34998 19807.86272 21806.12062 24493.29475 25992.88702 26682.94692 29819.62092 33581.46264 35162.13686 36283.23830 39575.37901 41850.62836 43691.98268 51268.65107 68587.02441 71616.41396 73721.47453 81299.82102 144830.2792 204600.4283 222561.7427 252131.1312 288728.9805 576941.6880 2602484.556
