    unsorted:	 3717.248111 3738.938655 3690.902313 3774.852280 3835.025477 3852.919735 3933.704806 3960.334193 3991.149516 4026.116812 3609.538575 3593.887146 4163.922505 4427.330517 3268.897957 4533.407738 4911.810733 2677.662087 2682.605770 2588.717909 5072.164852 2270.552904 5909.597142 6356.787543 6617.470910 6740.176665 6783.221017 7197.681557 1465.376570 1172.598181 1141.045680 1076.545942 930.7863568 958.8812184 7781.339775 8054.734968 8276.528989 8347.059731 8559.768663 606.8477211 9594.928835 9671.242534 147.5047233 10056.96377 10876.81942 10954.32517 12260.68504 12793.23329 13705.83615 14255.28070 16690.15593 17094.99684 19671.41819 19896.99246 22392.69601 24365.99334 29632.93260 29852.81491 35305.77876 35720.29313 36457.09449 39111.85626 45848.69474 50771.05368 63580.96388 69594.08685 73960.08154 118143.0649 169962.4892 201629.5516 244099.0159 277334.5426 495893.3543 2518209.747
      sorted:	 147.5047233 606.8477211 930.7863568 958.8812184 1076.545942 1141.045680 1172.598181 1465.376570 2270.552904 2588.717909 2677.662087 2682.605770 3268.897957 3593.887146 3609.538575 3690.902313 3717.248111 3738.938655 3774.852280 3835.025477 3852.919735 3933.704806 3960.334193 3991.149516 4026.116812 4163.922505 4427.330517 4533.407738 4911.810733 5072.164852 5909.597142 6356.787543 6617.470910 6740.176665 6783.221017 7197.681557 7781.339775 8054.734968 8276.528989 8347.059731 8559.768663 9594.928835 9671.242534 10056.96377 10876.81942 10954.32517 12260.68504 12793.23329 13705.83615 14255.28070 16690.15593 17094.99684 19671.41819 19896.99246 22392.69601 24365.99334 29632.93260 29852.81491 35305.77876 35720.29313 36457.09449 39111.85626 45848.69474 50771.05368 63580.96388 69594.08685 73960.08154 118143.0649 169962.4892 201629.5516 244099.0159 277334.5426 495893.3543 2518209.747
