    unsorted:	 4066.619974 4077.815200 4058.311746 4113.495840 3975.112319 3995.846354 4146.060353 3923.882654 3889.766471 3770.650404 3684.046795 4334.381865 4448.620043 3534.921263 3443.599755 4754.900997 5111.633674 5213.823450 5313.345116 5620.899763 5702.536552 2944.456642 2883.860737 2815.431413 6311.451910 6365.187734 6251.257411 2251.315434 7017.286114 7155.230576 7377.536734 7655.437297 8377.193031 1159.272632 1080.973905 1030.741367 843.6181714 742.3385846 601.6318208 8701.361844 8834.922124 133.4628056 10252.15028 10439.87519 11146.34523 11492.76366 12284.24407 12794.93999 14814.93007 15082.23127 15702.60923 16135.02578 18458.74851 19946.18346 24267.44889 24510.78522 25958.32650 27183.41565 30685.98455 32442.12515 36178.39273 39048.37735 43997.32238 46967.11677 52855.57904 63641.25677 69321.83976 77607.55838 83641.30015 117508.1994 165216.7865 242433.8042 264167.6014 358118.7501 616648.3409 2688790.595
      sorted:	 133.4628056 601.6318208 742.3385846 843.6181714 1030.741367 1080.973905 1159.272632 2251.315434 2815.431413 2883.860737 2944.456642 3443.599755 3534.921263 3684.046795 3770.650404 3889.766471 3923.882654 3975.112319 3995.846354 4058.311746 4066.619974 4077.815200 4113.495840 4146.060353 4334.381865 4448.620043 4754.900997 5111.633674 5213.823450 5313.345116 5620.899763 5702.536552 6251.257411 6311.451910 6365.187734 7017.286114 7155.230576 7377.536734 7655.437297 8377.193031 8701.361844 8834.922124 10252.15028 10439.87519 11146.34523 11492.76366 12284.24407 12794.93999 14814.93007 15082.23127 15702.60923 16135.02578 18458.74851 19946.18346 24267.44889 24510.78522 25958.32650 27183.41565 30685.98455 32442.12515 36178.39273 39048.37735 43997.32238 46967.11677 52855.57904 63641.25677 69321.83976 77607.55838 83641.30015 117508.1994 165216.7865 242433.8042 264167.6014 358118.7501 616648.3409 2688790.595
