    unsorted:	 3964.759328 3922.374184 4006.045575 4042.547381 3873.426490 3857.195694 4110.488915 4156.628601 4176.688317 3722.549481 4303.958189 4446.292204 4619.480091 3427.305038 4758.030209 5225.423950 5398.014111 2840.616822 2652.583763 2417.095837 6162.941798 6308.361353 6578.111076 6709.770174 6763.641291 7348.583616 7458.118961 7776.662018 1747.635063 1542.650329 1341.181472 1279.430308 1143.337556 8266.557343 8474.977051 9856.553699 9787.847879 9946.819946 10407.93354 635.5038881 10745.44916 11148.23024 11502.21789 11941.58555 145.8559555 12473.93809 13766.09332 15983.95852 16344.58224 16676.68261 17224.55733 19441.61216 19705.00839 21368.96205 24638.75734 24959.36485 30071.38260 29925.00837 33434.86993 35282.90692 37005.60734 39854.32455 42874.75103 46916.61012 52870.27809 53663.81785 58353.87196 70846.34576 76412.23875 85252.22483 95102.63133 167532.8196 252108.5549 240618.8705 254135.4988 359788.4407 675819.6140 2692626.275
      sorted:	 145.8559555 635.5038881 1143.337556 1279.430308 1341.181472 1542.650329 1747.635063 2417.095837 2652.583763 2840.616822 3427.305038 3722.549481 3857.195694 3873.426490 3922.374184 3964.759328 4006.045575 4042.547381 4110.488915 4156.628601 4176.688317 4303.958189 4446.292204 4619.480091 4758.030209 5225.423950 5398.014111 6162.941798 6308.361353 6578.111076 6709.770174 6763.641291 7348.583616 7458.118961 7776.662018 8266.557343 8474.977051 9787.847879 9856.553699 9946.819946 10407.93354 10745.44916 11148.23024 11502.21789 11941.58555 12473.93809 13766.09332 15983.95852 16344.58224 16676.68261 17224.55733 19441.61216 19705.00839 21368.96205 24638.75734 24959.36485 29925.00837 30071.38260 33434.86993 35282.90692 37005.60734 39854.32455 42874.75103 46916.61012 52870.27809 53663.81785 58353.87196 70846.34576 76412.23875 85252.22483 95102.63133 167532.8196 240618.8705 252108.5549 254135.4988 359788.4407 675819.6140 2692626.275
