    unsorted:	 4086.418146 4079.821690 3998.945046 4020.111566 4134.300419 4154.816951 3937.706874 3892.199940 3860.605995 3815.781886 3777.283275 4319.702765 4427.464053 3488.442005 4689.315226 3345.911741 3299.530972 4972.961276 5034.110446 5115.737482 5417.728052 5540.742220 2940.113049 5793.536459 2730.128014 2629.595213 6114.276764 6079.215343 2322.489185 6902.129333 6999.403372 7268.768611 7475.805242 7822.911193 8374.609491 8524.569274 8685.594042 1197.374964 1111.052619 1054.885947 857.0457523 758.2111591 601.3920190 10078.56202 132.2704272 10932.34178 10957.43568 11344.57149 12588.52527 14362.43304 14736.65921 15001.33913 15582.33052 16289.54896 19765.19186 20402.01762 24170.56845 24666.97332 26428.92981 27076.65858 30755.46647 32356.53171 36184.31694 38940.04990 44846.44856 47265.60156 54219.90554 63945.90736 69603.52192 78362.86830 85981.00560 117841.4292 165961.2246 252137.4872 251226.7852 368603.1430 638861.0493 2694533.588
      sorted:	 132.2704272 601.3920190 758.2111591 857.0457523 1054.885947 1111.052619 1197.374964 2322.489185 2629.595213 2730.128014 2940.113049 3299.530972 3345.911741 3488.442005 3777.283275 3815.781886 3860.605995 3892.199940 3937.706874 3998.945046 4020.111566 4079.821690 4086.418146 4134.300419 4154.816951 4319.702765 4427.464053 4689.315226 4972.961276 5034.110446 5115.737482 5417.728052 5540.742220 5793.536459 6079.215343 6114.276764 6902.129333 6999.403372 7268.768611 7475.805242 7822.911193 8374.609491 8524.569274 8685.594042 10078.56202 10932.34178 10957.43568 11344.57149 12588.52527 14362.43304 14736.65921 15001.33913 15582.33052 16289.54896 19765.19186 20402.01762 24170.56845 24666.97332 26428.92981 27076.65858 30755.46647 32356.53171 36184.31694 38940.04990 44846.44856 47265.60156 54219.90554 63945.90736 69603.52192 78362.86830 85981.00560 117841.4292 165961.2246 251226.7852 252137.4872 368603.1430 638861.0493 2694533.588
