    unsorted:	 3991.308982 3990.430144 3963.412614 3936.877820 3848.032385 3839.003255 3728.989865 3737.033705 3702.572867 3622.040704 4172.465672 4378.668105 4460.646441 4534.469921 4655.025361 3282.886779 3191.343756 2684.004571 2686.927691 5112.257307 2492.764551 2257.051713 5753.507125 6020.282132 6430.967647 6602.575583 6735.579566 6828.948360 1772.417914 1364.215071 1308.954711 1125.318057 1155.897373 1102.725019 7280.636477 7770.187943 8049.324171 8310.717641 624.5064386 9105.961851 9524.374667 9817.005791 10137.18285 150.1213345 10973.34941 11302.85921 12489.38506 13431.01428 13623.21032 14894.40718 15832.93317 16716.49864 17288.91132 18109.48207 19768.45533 20485.69027 24550.31573 25009.16100 29172.64336 30712.77304 34600.28962 36055.98009 38678.42869 41021.36586 41499.91185 50825.93093 63264.95948 68627.26793 72844.52227 77560.89564 139418.4886 194014.1394 212368.6219 257977.1936 272874.0907 550811.4266 2556725.730
      sorted:	 150.1213345 624.5064386 1102.725019 1125.318057 1155.897373 1308.954711 1364.215071 1772.417914 2257.051713 2492.764551 2684.004571 2686.927691 3191.343756 3282.886779 3622.040704 3702.572867 3728.989865 3737.033705 3839.003255 3848.032385 3936.877820 3963.412614 3990.430144 3991.308982 4172.465672 4378.668105 4460.646441 4534.469921 4655.025361 5112.257307 5753.507125 6020.282132 6430.967647 6602.575583 6735.579566 6828.948360 7280.636477 7770.187943 8049.324171 8310.717641 9105.961851 9524.374667 9817.005791 10137.18285 10973.34941 11302.85921 12489.38506 13431.01428 13623.21032 14894.40718 15832.93317 16716.49864 17288.91132 18109.48207 19768.45533 20485.69027 24550.31573 25009.16100 29172.64336 30712.77304 34600.28962 36055.98009 38678.42869 41021.36586 41499.91185 50825.93093 63264.95948 68627.26793 72844.52227 77560.89564 139418.4886 194014.1394 212368.6219 257977.1936 272874.0907 550811.4266 2556725.730
