    unsorted:	 4056.756200 4043.635855 4075.597667 3997.350602 3977.452265 3930.288975 4161.741821 3899.547499 4345.016957 4488.722343 4800.955851 5145.685123 3270.692951 5734.553637 6182.839112 8196.987546 8244.269111 8053.206525 7698.540658 7844.870806 7586.677051 7418.764770 6786.417429 9247.879222 9815.192211 9554.953305 10359.81949 10405.49210 10655.27188 10887.97539 2397.655098 11803.47829 12071.08092 12180.57683 12436.07152 12939.01563 1530.013237 1336.338213 13617.97858 1236.654315 14125.04620 14274.00828 670.4657236 644.0590611 166.7836906 15491.28110 16191.38329 16884.87468 17903.52613 18901.51242 20684.58489 21856.19676 22887.43597 24474.83117 24947.29611 27379.41394 30084.04109 32926.79720 34598.03450 37665.63564 38968.93158 42352.37694 44841.82305 55758.72283 58924.02099 62565.03100 65313.25254 69767.27729 78077.29847 83175.52372 93936.91823 252189.3514 259110.6152 300312.2775 326958.8742 394942.8888 977317.3620 2715853.607
      sorted:	 166.7836906 644.0590611 670.4657236 1236.654315 1336.338213 1530.013237 2397.655098 3270.692951 3899.547499 3930.288975 3977.452265 3997.350602 4043.635855 4056.756200 4075.597667 4161.741821 4345.016957 4488.722343 4800.955851 5145.685123 5734.553637 6182.839112 6786.417429 7418.764770 7586.677051 7698.540658 7844.870806 8053.206525 8196.987546 8244.269111 9247.879222 9554.953305 9815.192211 10359.81949 10405.49210 10655.27188 10887.97539 11803.47829 12071.08092 12180.57683 12436.07152 12939.01563 13617.97858 14125.04620 14274.00828 15491.28110 16191.38329 16884.87468 17903.52613 18901.51242 20684.58489 21856.19676 22887.43597 24474.83117 24947.29611 27379.41394 30084.04109 32926.79720 34598.03450 37665.63564 38968.93158 42352.37694 44841.82305 55758.72283 58924.02099 62565.03100 65313.25254 69767.27729 78077.29847 83175.52372 93936.91823 252189.3514 259110.6152 300312.2775 326958.8742 394942.8888 977317.3620 2715853.607
