    unsorted:	 3991.010206 4006.586167 4048.384569 3931.949246 4110.543850 4159.197511 4178.254839 3874.160535 3860.421359 4300.284270 3736.987553 4476.648087 4587.275235 4721.313987 3446.160875 5204.018135 5283.248216 2861.867198 2662.483200 6332.556188 6175.883730 6598.730650 6754.117554 6789.635583 2413.516228 7342.122575 7452.343433 7766.256110 8224.964224 8323.442905 1729.515024 1505.152930 1260.657806 1299.672172 1140.248317 9473.897532 9774.256249 9915.867997 10310.82743 10852.01881 11061.45971 626.2123220 11672.39881 144.5370025 12394.78922 12989.14726 13559.53730 15968.54397 16575.03339 16741.57056 17185.33120 19559.18927 19811.31734 21412.00094 24308.98255 24852.43381 29822.52094 30351.90097 33645.90477 35207.98285 36774.02271 38708.99215 42176.76305 46698.07160 52732.02364 53958.48189 58573.50608 70800.33869 76307.98503 85740.94922 95633.07226 168223.2368 252108.4401 238078.2830 254400.0072 374885.5635 674683.2343 2695887.801
      sorted:	 144.5370025 626.2123220 1140.248317 1260.657806 1299.672172 1505.152930 1729.515024 2413.516228 2662.483200 2861.867198 3446.160875 3736.987553 3860.421359 3874.160535 3931.949246 3991.010206 4006.586167 4048.384569 4110.543850 4159.197511 4178.254839 4300.284270 4476.648087 4587.275235 4721.313987 5204.018135 5283.248216 6175.883730 6332.556188 6598.730650 6754.117554 6789.635583 7342.122575 7452.343433 7766.256110 8224.964224 8323.442905 9473.897532 9774.256249 9915.867997 10310.82743 10852.01881 11061.45971 11672.39881 12394.78922 12989.14726 13559.53730 15968.54397 16575.03339 16741.57056 17185.33120 19559.18927 19811.31734 21412.00094 24308.98255 24852.43381 29822.52094 30351.90097 33645.90477 35207.98285 36774.02271 38708.99215 42176.76305 46698.07160 52732.02364 53958.48189 58573.50608 70800.33869 76307.98503 85740.94922 95633.07226 168223.2368 238078.2830 252108.4401 254400.0072 374885.5635 674683.2343 2695887.801
