    unsorted:	 4040.043532 4034.074328 4082.514323 3970.966421 3885.688419 3911.115287 3852.825955 4142.184011 4191.089635 4207.285998 3788.026315 4347.224437 4538.747156 3509.473945 4704.459601 5124.746483 5282.363612 5398.479746 2926.961614 2833.454438 2700.335468 2655.654561 6244.987850 6372.290305 6646.356216 6802.865507 6984.646774 7699.077251 7464.945477 7800.307202 8264.148833 8359.550794 1920.136204 1560.555776 1323.143216 1404.248103 1147.753046 9521.106223 9664.456346 9865.886581 10393.84485 10952.63455 10837.45943 11265.19121 649.0556048 11809.69945 11978.11864 12423.24245 144.5025984 13545.87362 15386.48062 16105.28214 16612.03960 17098.12915 19648.69161 21602.99909 22428.39795 24362.36767 29057.98738 29881.58857 33299.00839 34098.58421 35695.39383 36643.03358 40586.52287 41704.10734 44130.24718 48602.01389 53583.55587 64023.82222 66203.28634 71246.79293 76741.42461 89421.53214 101102.1827 176813.0585 231109.1078 255332.0313 265597.8101 442962.5095 717058.7047 2728545.089
      sorted:	 144.5025984 649.0556048 1147.753046 1323.143216 1404.248103 1560.555776 1920.136204 2655.654561 2700.335468 2833.454438 2926.961614 3509.473945 3788.026315 3852.825955 3885.688419 3911.115287 3970.966421 4034.074328 4040.043532 4082.514323 4142.184011 4191.089635 4207.285998 4347.224437 4538.747156 4704.459601 5124.746483 5282.363612 5398.479746 6244.987850 6372.290305 6646.356216 6802.865507 6984.646774 7464.945477 7699.077251 7800.307202 8264.148833 8359.550794 9521.106223 9664.456346 9865.886581 10393.84485 10837.45943 10952.63455 11265.19121 11809.69945 11978.11864 12423.24245 13545.87362 15386.48062 16105.28214 16612.03960 17098.12915 19648.69161 21602.99909 22428.39795 24362.36767 29057.98738 29881.58857 33299.00839 34098.58421 35695.39383 36643.03358 40586.52287 41704.10734 44130.24718 48602.01389 53583.55587 64023.82222 66203.28634 71246.79293 76741.42461 89421.53214 101102.1827 176813.0585 231109.1078 255332.0313 265597.8101 442962.5095 717058.7047 2728545.089
