    unsorted:	 3951.391935 4044.767111 4040.609002 4087.479766 4093.389752 3976.751765 4127.753308 3911.137652 3871.147974 3703.031892 3751.568273 4327.432967 4438.698204 3547.167449 3437.294705 4745.230282 5109.968297 5232.368586 5332.236047 5641.512148 5707.882119 2943.358318 2878.150044 2825.713677 6329.587344 6256.658718 6458.296172 2244.251345 7019.993209 7174.562246 7364.983591 7671.462125 8395.049208 1158.879548 1081.421599 1030.567641 842.3732574 740.5760215 600.3411806 8711.670860 8844.139873 134.4253894 10285.13497 10511.34331 11161.24484 11509.22209 12368.00388 12816.41728 14818.92718 15092.36126 15721.41941 16150.29593 18420.35019 19966.65706 24264.13676 24482.69669 25883.82322 27194.53818 30708.39181 32502.85061 36261.58610 39031.34029 43810.66367 46928.51823 52417.35914 63629.47970 69293.74773 77332.12927 83518.78877 117420.3162 164994.4178 234436.9927 264171.5734 355075.5007 615438.1705 2682701.888
      sorted:	 134.4253894 600.3411806 740.5760215 842.3732574 1030.567641 1081.421599 1158.879548 2244.251345 2825.713677 2878.150044 2943.358318 3437.294705 3547.167449 3703.031892 3751.568273 3871.147974 3911.137652 3951.391935 3976.751765 4040.609002 4044.767111 4087.479766 4093.389752 4127.753308 4327.432967 4438.698204 4745.230282 5109.968297 5232.368586 5332.236047 5641.512148 5707.882119 6256.658718 6329.587344 6458.296172 7019.993209 7174.562246 7364.983591 7671.462125 8395.049208 8711.670860 8844.139873 10285.13497 10511.34331 11161.24484 11509.22209 12368.00388 12816.41728 14818.92718 15092.36126 15721.41941 16150.29593 18420.35019 19966.65706 24264.13676 24482.69669 25883.82322 27194.53818 30708.39181 32502.85061 36261.58610 39031.34029 43810.66367 46928.51823 52417.35914 63629.47970 69293.74773 77332.12927 83518.78877 117420.3162 164994.4178 234436.9927 264171.5734 355075.5007 615438.1705 2682701.888
