    unsorted:	 4024.670023 4002.781446 4063.729893 3960.433710 4108.745236 4125.171500 3892.838215 3791.907037 3793.759029 3835.327037 4283.952276 4539.679089 3463.718795 4631.329653 4821.738198 2884.874789 2820.067578 2725.413059 5199.325391 5271.928796 2414.339053 2374.090100 2257.614864 2218.971279 6215.387011 6382.509913 6649.410594 6718.784793 6792.778189 1717.695052 1504.283244 1262.996812 1285.110825 1141.655451 7393.686443 7492.112046 7808.063093 8270.704532 8368.578038 631.7353027 9518.774986 9803.729920 9937.375569 10329.82822 10897.63512 11100.20641 146.2061117 11702.76717 12412.63144 12805.07921 13588.87806 15924.87355 16259.42630 16655.23116 17217.44282 19351.35348 19704.23807 21415.54510 24424.29314 24501.52178 29523.02910 29892.72635 33544.21299 35161.64331 36875.99088 39139.22831 42239.22603 46235.18705 53128.51366 52371.14610 56864.82525 70393.51730 76005.24772 84768.42698 94313.88766 166005.5568 231108.9915 235150.6743 248807.7998 357267.9825 665941.7385 2688898.302
      sorted:	 146.2061117 631.7353027 1141.655451 1262.996812 1285.110825 1504.283244 1717.695052 2218.971279 2257.614864 2374.090100 2414.339053 2725.413059 2820.067578 2884.874789 3463.718795 3791.907037 3793.759029 3835.327037 3892.838215 3960.433710 4002.781446 4024.670023 4063.729893 4108.745236 4125.171500 4283.952276 4539.679089 4631.329653 4821.738198 5199.325391 5271.928796 6215.387011 6382.509913 6649.410594 6718.784793 6792.778189 7393.686443 7492.112046 7808.063093 8270.704532 8368.578038 9518.774986 9803.729920 9937.375569 10329.82822 10897.63512 11100.20641 11702.76717 12412.63144 12805.07921 13588.87806 15924.87355 16259.42630 16655.23116 17217.44282 19351.35348 19704.23807 21415.54510 24424.29314 24501.52178 29523.02910 29892.72635 33544.21299 35161.64331 36875.99088 39139.22831 42239.22603 46235.18705 52371.14610 53128.51366 56864.82525 70393.51730 76005.24772 84768.42698 94313.88766 166005.5568 231108.9915 235150.6743 248807.7998 357267.9825 665941.7385 2688898.302
