    unsorted:	 4000.592623 3978.652101 4021.212106 3944.462356 3877.130003 3849.597114 3765.441826 3725.277574 3663.511904 3648.754635 4163.740435 4263.471256 3310.710978 3281.697880 4462.876723 4555.382248 4640.819591 2948.457231 2732.072288 2593.605228 2514.034434 5136.011128 2278.510273 5748.017324 5946.575556 6141.352372 6505.137784 6705.485829 6938.858080 1141.375886 1111.878719 880.4921309 893.0261539 757.9448020 689.3313478 590.4626201 7438.728726 8012.158713 8077.525954 8504.733951 143.6110892 9657.973371 9990.789962 10244.90861 11128.36124 12659.41657 13526.11502 15840.74284 16338.87632 17897.66540 18331.75549 18696.91096 22851.29667 23762.45268 25206.97357 28607.85431 32329.11883 35707.83190 38717.73483 41040.34230 55383.43626 62986.47800 70811.91846 91858.62901 133199.2928 192024.0834 223718.5831 308141.3272 444599.8320 2470484.784
      sorted:	 143.6110892 590.4626201 689.3313478 757.9448020 880.4921309 893.0261539 1111.878719 1141.375886 2278.510273 2514.034434 2593.605228 2732.072288 2948.457231 3281.697880 3310.710978 3648.754635 3663.511904 3725.277574 3765.441826 3849.597114 3877.130003 3944.462356 3978.652101 4000.592623 4021.212106 4163.740435 4263.471256 4462.876723 4555.382248 4640.819591 5136.011128 5748.017324 5946.575556 6141.352372 6505.137784 6705.485829 6938.858080 7438.728726 8012.158713 8077.525954 8504.733951 9657.973371 9990.789962 10244.90861 11128.36124 12659.41657 13526.11502 15840.74284 16338.87632 17897.66540 18331.75549 18696.91096 22851.29667 23762.45268 25206.97357 28607.85431 32329.11883 35707.83190 38717.73483 41040.34230 55383.43626 62986.47800 70811.91846 91858.62901 133199.2928 192024.0834 223718.5831 308141.3272 444599.8320 2470484.784
