    unsorted:	 4425.175051 4420.002760 4435.099280 4362.059775 4316.471942 4253.445214 4175.631022 4145.088197 4111.106277 4051.015406 4583.625148 3848.714681 4796.666904 4841.323795 3702.448341 5219.829012 3395.571816 5610.950208 6077.158669 6230.140013 6169.872252 6375.782602 6688.450835 6857.608582 2861.048873 2618.158453 7241.544724 2452.640775 7536.315226 7752.323333 8110.362287 8246.244906 1777.657102 1483.288071 1437.879711 1232.116743 1160.252290 8922.128827 847.3821313 9301.128250 10362.95326 10430.38587 10846.51114 11239.60428 185.5636735 12108.73341 12307.45673 13089.85357 13905.54765 14848.88226 14723.95348 15818.25622 16446.24540 16985.12783 19146.59598 18922.10291 23399.08729 23839.41559 28440.52289 29805.72855 31174.62983 34769.77268 35188.79049 38043.54382 39606.36188 42160.99934 45633.40995 47980.43019 53143.26674 59470.90542 62925.36968 70301.75961 76918.87210 88161.26529 115289.8682 169906.0033 231118.6167 241221.6932 265992.3418 420378.5606 840138.5119 2743909.234
      sorted:	 185.5636735 847.3821313 1160.252290 1232.116743 1437.879711 1483.288071 1777.657102 2452.640775 2618.158453 2861.048873 3395.571816 3702.448341 3848.714681 4051.015406 4111.106277 4145.088197 4175.631022 4253.445214 4316.471942 4362.059775 4420.002760 4425.175051 4435.099280 4583.625148 4796.666904 4841.323795 5219.829012 5610.950208 6077.158669 6169.872252 6230.140013 6375.782602 6688.450835 6857.608582 7241.544724 7536.315226 7752.323333 8110.362287 8246.244906 8922.128827 9301.128250 10362.95326 10430.38587 10846.51114 11239.60428 12108.73341 12307.45673 13089.85357 13905.54765 14723.95348 14848.88226 15818.25622 16446.24540 16985.12783 18922.10291 19146.59598 23399.08729 23839.41559 28440.52289 29805.72855 31174.62983 34769.77268 35188.79049 38043.54382 39606.36188 42160.99934 45633.40995 47980.43019 53143.26674 59470.90542 62925.36968 70301.75961 76918.87210 88161.26529 115289.8682 169906.0033 231118.6167 241221.6932 265992.3418 420378.5606 840138.5119 2743909.234
