    unsorted:	 4020.050853 4023.979869 4274.358943 4256.433604 4142.728595 4214.798856 4111.455156 4302.501133 3977.038550 3931.414473 3830.898656 4516.381113 4578.323575 3518.938621 3194.018992 2954.318005 2912.429950 2792.152973 5188.084522 5422.370669 5614.692511 5688.708710 6284.236970 6395.960184 6674.256428 6808.417510 7154.065945 7581.270766 7710.452249 7788.033102 8202.336680 1913.212918 1578.049071 1496.088659 1415.040771 1321.108047 8688.921932 9449.938523 827.3881984 10240.24445 10492.12227 10852.61154 10875.50148 11511.85983 180.7116371 12272.35628 12882.53180 13389.13081 13756.25407 14733.78821 15770.06213 16716.87359 17487.13159 18024.19830 19631.36466 21303.41328 23551.96239 24762.25295 30054.81708 32334.39666 34597.23726 36046.70394 37625.00168 39265.29071 42165.89236 43167.56377 47095.13043 53323.75785 54114.21569 67887.27526 73646.01351 74608.72960 81545.44851 93451.44363 107848.5354 181770.9848 231101.0720 267174.0753 271621.7209 530504.4949 768354.3750 2753560.230
      sorted:	 180.7116371 827.3881984 1321.108047 1415.040771 1496.088659 1578.049071 1913.212918 2792.152973 2912.429950 2954.318005 3194.018992 3518.938621 3830.898656 3931.414473 3977.038550 4020.050853 4023.979869 4111.455156 4142.728595 4214.798856 4256.433604 4274.358943 4302.501133 4516.381113 4578.323575 5188.084522 5422.370669 5614.692511 5688.708710 6284.236970 6395.960184 6674.256428 6808.417510 7154.065945 7581.270766 7710.452249 7788.033102 8202.336680 8688.921932 9449.938523 10240.24445 10492.12227 10852.61154 10875.50148 11511.85983 12272.35628 12882.53180 13389.13081 13756.25407 14733.78821 15770.06213 16716.87359 17487.13159 18024.19830 19631.36466 21303.41328 23551.96239 24762.25295 30054.81708 32334.39666 34597.23726 36046.70394 37625.00168 39265.29071 42165.89236 43167.56377 47095.13043 53323.75785 54114.21569 67887.27526 73646.01351 74608.72960 81545.44851 93451.44363 107848.5354 181770.9848 231101.0720 267174.0753 271621.7209 530504.4949 768354.3750 2753560.230
