    unsorted:	 4020.095989 4024.045463 4274.341722 4256.401499 4214.798567 4142.790947 4111.497700 4302.404726 3977.083967 3931.487382 3830.946120 4516.438088 4578.363640 3519.000526 3193.677460 5188.134656 5422.379396 2954.369837 2912.501618 2792.202038 5614.563995 5688.565619 6284.249630 6395.992534 6674.287808 6808.458022 7154.081176 7581.293958 7710.472342 7787.954590 1913.220806 8202.366615 1578.113967 1496.129361 1415.042697 1321.112069 8688.971690 9449.962416 827.3864119 10240.33368 10492.01138 10852.54178 10875.51791 11511.85232 180.7089154 12272.37757 12882.64380 13389.62416 13756.78171 14734.26489 15770.06623 16716.91573 17488.50829 18024.46658 19631.41140 21303.40646 23552.28752 24762.29398 30054.84808 32334.72711 34597.38844 36046.67981 37624.99442 39265.63725 42165.92834 43167.82838 47095.78055 53323.89490 54116.47540 67887.60679 73645.98795 74609.74128 81547.43617 93451.05911 107851.5612 181772.2183 231101.0564 267181.5959 271628.0101 530533.9166 768375.9843 2753579.161
      sorted:	 180.7089154 827.3864119 1321.112069 1415.042697 1496.129361 1578.113967 1913.220806 2792.202038 2912.501618 2954.369837 3193.677460 3519.000526 3830.946120 3931.487382 3977.083967 4020.095989 4024.045463 4111.497700 4142.790947 4214.798567 4256.401499 4274.341722 4302.404726 4516.438088 4578.363640 5188.134656 5422.379396 5614.563995 5688.565619 6284.249630 6395.992534 6674.287808 6808.458022 7154.081176 7581.293958 7710.472342 7787.954590 8202.366615 8688.971690 9449.962416 10240.33368 10492.01138 10852.54178 10875.51791 11511.85232 12272.37757 12882.64380 13389.62416 13756.78171 14734.26489 15770.06623 16716.91573 17488.50829 18024.46658 19631.41140 21303.40646 23552.28752 24762.29398 30054.84808 32334.72711 34597.38844 36046.67981 37624.99442 39265.63725 42165.92834 43167.82838 47095.78055 53323.89490 54116.47540 67887.60679 73645.98795 74609.74128 81547.43617 93451.05911 107851.5612 181772.2183 231101.0564 267181.5959 271628.0101 530533.9166 768375.9843 2753579.161
