    unsorted:	 4004.346150 4026.670969 3980.280546 3936.345607 4115.068866 4146.730897 4218.977289 4262.474603 4281.049873 4314.452656 3811.879375 4494.577849 4581.172652 3518.443295 3228.805461 5189.569416 5419.476425 5591.021267 5679.274841 2946.230628 2910.688184 2773.229448 6273.420683 6390.260853 6659.918330 6793.850238 7151.072492 7571.906687 7695.779238 7780.420796 8187.122944 1911.149752 1570.601655 1491.388896 1417.204225 1320.741064 8675.746007 9436.273082 830.0215343 10201.75000 10477.68267 10863.66428 10830.30148 11475.10237 181.6146281 12230.04165 12645.94602 12996.80051 13589.20862 14490.82098 15754.23340 16685.48784 16948.42043 17963.55330 19611.71067 21294.97214 23499.42760 24747.65687 30041.97273 32096.98877 34475.46701 35960.33481 37563.50230 39123.24642 42101.26297 42969.59855 46698.61242 53326.00438 53084.83149 67817.86441 73591.33819 74265.19853 81171.83300 93515.11913 107482.9756 181607.2660 231101.5695 264955.6536 270494.8730 526734.4328 766185.1251 2739946.259
      sorted:	 181.6146281 830.0215343 1320.741064 1417.204225 1491.388896 1570.601655 1911.149752 2773.229448 2910.688184 2946.230628 3228.805461 3518.443295 3811.879375 3936.345607 3980.280546 4004.346150 4026.670969 4115.068866 4146.730897 4218.977289 4262.474603 4281.049873 4314.452656 4494.577849 4581.172652 5189.569416 5419.476425 5591.021267 5679.274841 6273.420683 6390.260853 6659.918330 6793.850238 7151.072492 7571.906687 7695.779238 7780.420796 8187.122944 8675.746007 9436.273082 10201.75000 10477.68267 10830.30148 10863.66428 11475.10237 12230.04165 12645.94602 12996.80051 13589.20862 14490.82098 15754.23340 16685.48784 16948.42043 17963.55330 19611.71067 21294.97214 23499.42760 24747.65687 30041.97273 32096.98877 34475.46701 35960.33481 37563.50230 39123.24642 42101.26297 42969.59855 46698.61242 53084.83149 53326.00438 67817.86441 73591.33819 74265.19853 81171.83300 93515.11913 107482.9756 181607.2660 231101.5695 264955.6536 270494.8730 526734.4328 766185.1251 2739946.259
