    unsorted:	 3987.869059 3995.480585 4019.046602 3932.686120 3938.528844 4141.162042 4120.897400 4228.475560 4265.820104 4290.098222 3802.945048 4479.332323 4566.852558 3501.125446 2889.385018 2886.302796 2926.839789 2763.301962 5147.342459 5255.941979 5498.931329 5666.134425 6254.770669 6374.394786 6639.413432 6777.577487 6962.255806 7664.711588 7548.303691 7724.678190 8162.811853 1881.640137 1558.252658 1482.190487 1418.787936 1314.217279 8647.905748 9409.218273 10016.45499 10159.19538 835.3854439 10706.97077 10825.43423 11486.23668 11319.03036 183.3984647 12268.38332 12779.77362 13007.98192 13554.13365 15717.30314 16527.34742 16727.56127 17990.25571 19607.14052 21267.04105 23320.80189 24754.39405 30036.66058 31167.14731 34258.27911 35866.59491 37335.34653 37673.32686 42430.38493 42007.46297 46370.36480 51869.75241 53117.05226 66659.30694 72769.39389 74068.44430 80204.30619 92929.98548 106947.9905 177257.8125 231103.5954 259638.4899 266172.5529 523344.8311 765178.9352 2737340.359
      sorted:	 183.3984647 835.3854439 1314.217279 1418.787936 1482.190487 1558.252658 1881.640137 2763.301962 2886.302796 2889.385018 2926.839789 3501.125446 3802.945048 3932.686120 3938.528844 3987.869059 3995.480585 4019.046602 4120.897400 4141.162042 4228.475560 4265.820104 4290.098222 4479.332323 4566.852558 5147.342459 5255.941979 5498.931329 5666.134425 6254.770669 6374.394786 6639.413432 6777.577487 6962.255806 7548.303691 7664.711588 7724.678190 8162.811853 8647.905748 9409.218273 10016.45499 10159.19538 10706.97077 10825.43423 11319.03036 11486.23668 12268.38332 12779.77362 13007.98192 13554.13365 15717.30314 16527.34742 16727.56127 17990.25571 19607.14052 21267.04105 23320.80189 24754.39405 30036.66058 31167.14731 34258.27911 35866.59491 37335.34653 37673.32686 42007.46297 42430.38493 46370.36480 51869.75241 53117.05226 66659.30694 72769.39389 74068.44430 80204.30619 92929.98548 106947.9905 177257.8125 231103.5954 259638.4899 266172.5529 523344.8311 765178.9352 2737340.359
