    unsorted:	 4398.619473 4377.390507 4328.572677 4435.428397 4450.047270 4272.702608 4245.730751 4188.167473 4127.622858 4591.754748 4049.696650 4805.194008 4829.699836 3826.155389 3678.902422 5228.594898 3384.857037 5633.390504 6037.872762 6240.447045 6190.631044 6402.600455 6633.286947 6818.554757 2854.176129 2680.030282 2602.812577 7222.303745 7488.810659 7777.497682 8097.304689 8240.677591 1829.076566 1528.376699 1453.462445 1251.109475 1165.791720 8886.984473 868.1379617 9302.311932 10453.73096 10378.31688 11045.23091 188.5984477 11725.39835 12083.60048 12283.17704 13221.53404 13903.58653 14801.77948 15034.20337 15819.06325 16617.01832 16986.58531 19153.22556 21630.54906 23372.32221 24024.81863 28421.09758 30774.79280 32868.75805 34792.77731 37874.56812 39486.29294 40461.97053 43313.71527 45888.93747 52106.44986 53722.54530 63724.25849 70392.70377 76168.93637 79083.79393 92032.20322 115772.7336 171267.5354 231112.4296 247589.9374 268024.7379 522839.7209 845082.6606 2749734.610
      sorted:	 188.5984477 868.1379617 1165.791720 1251.109475 1453.462445 1528.376699 1829.076566 2602.812577 2680.030282 2854.176129 3384.857037 3678.902422 3826.155389 4049.696650 4127.622858 4188.167473 4245.730751 4272.702608 4328.572677 4377.390507 4398.619473 4435.428397 4450.047270 4591.754748 4805.194008 4829.699836 5228.594898 5633.390504 6037.872762 6190.631044 6240.447045 6402.600455 6633.286947 6818.554757 7222.303745 7488.810659 7777.497682 8097.304689 8240.677591 8886.984473 9302.311932 10378.31688 10453.73096 11045.23091 11725.39835 12083.60048 12283.17704 13221.53404 13903.58653 14801.77948 15034.20337 15819.06325 16617.01832 16986.58531 19153.22556 21630.54906 23372.32221 24024.81863 28421.09758 30774.79280 32868.75805 34792.77731 37874.56812 39486.29294 40461.97053 43313.71527 45888.93747 52106.44986 53722.54530 63724.25849 70392.70377 76168.93637 79083.79393 92032.20322 115772.7336 171267.5354 231112.4296 247589.9374 268024.7379 522839.7209 845082.6606 2749734.610
