    unsorted:	 4018.674652 3997.682771 4060.007960 4109.192695 3919.417432 3932.198997 3875.569190 4166.632648 4218.124684 4233.532477 3786.088500 4374.880920 4517.078118 3523.767364 4732.328340 5183.688356 5321.637736 5431.774136 2857.254840 2937.401409 2830.118059 2711.657775 6257.826329 6389.885249 6648.065898 6778.821620 7002.248589 7782.494266 7770.481930 7470.706558 8277.894581 8372.405083 1893.109335 1576.645825 1422.494617 1343.094780 1156.921981 9523.415183 9837.557649 9926.974452 10692.32347 10908.77656 11007.07670 664.6476314 11642.67563 12101.41644 12383.79062 12582.64974 147.4204092 13532.63903 15581.96940 16120.42215 16629.46124 17227.89006 19663.28381 21589.77570 22257.39122 24317.12578 29828.07309 30349.08056 33504.57178 35902.82599 36407.80429 36700.55662 41982.82887 42496.94218 45677.60440 50069.32022 53688.97153 66656.69543 70616.13421 73670.31086 78371.87649 92973.11398 101738.9126 178759.2624 231100.0283 259196.7898 267951.4919 501368.3588 721387.4039 2733942.455
      sorted:	 147.4204092 664.6476314 1156.921981 1343.094780 1422.494617 1576.645825 1893.109335 2711.657775 2830.118059 2857.254840 2937.401409 3523.767364 3786.088500 3875.569190 3919.417432 3932.198997 3997.682771 4018.674652 4060.007960 4109.192695 4166.632648 4218.124684 4233.532477 4374.880920 4517.078118 4732.328340 5183.688356 5321.637736 5431.774136 6257.826329 6389.885249 6648.065898 6778.821620 7002.248589 7470.706558 7770.481930 7782.494266 8277.894581 8372.405083 9523.415183 9837.557649 9926.974452 10692.32347 10908.77656 11007.07670 11642.67563 12101.41644 12383.79062 12582.64974 13532.63903 15581.96940 16120.42215 16629.46124 17227.89006 19663.28381 21589.77570 22257.39122 24317.12578 29828.07309 30349.08056 33504.57178 35902.82599 36407.80429 36700.55662 41982.82887 42496.94218 45677.60440 50069.32022 53688.97153 66656.69543 70616.13421 73670.31086 78371.87649 92973.11398 101738.9126 178759.2624 231100.0283 259196.7898 267951.4919 501368.3588 721387.4039 2733942.455
